365 0.4387019230769231 0.17067307692307693 0.04567307692307692 0.0625
272 0.5324519230769231 0.16947115384615385 0.04567307692307692 0.06490384615384616
269 0.6286057692307693 0.17067307692307693 0.04326923076923077 0.0625
35 0.4387019230769231 0.25600961538461536 0.04807692307692308 0.0673076923076923
270 0.5012019230769231 0.2548076923076923 0.05048076923076923 0.06971153846153846
53 0.5649038461538461 0.2548076923076923 0.04807692307692308 0.0673076923076923
270 0.6286057692307693 0.25600961538461536 0.04567307692307692 0.07211538461538461
33 0.43990384615384615 0.34375 0.04567307692307692 0.06490384615384616
270 0.5012019230769231 0.34375 0.04807692307692308 0.07211538461538461
272 0.6286057692307693 0.34375 0.04567307692307692 0.0673076923076923
277 0.5024038461538461 0.43149038461538464 0.04807692307692308 0.0673076923076923
119 0.4387019230769231 0.5204326923076923 0.04567307692307692 0.06971153846153846
187 0.5661057692307693 0.5216346153846154 0.04567307692307692 0.0673076923076923
275 0.4375 0.6105769230769231 0.04567307692307692 0.06971153846153846
264 0.5649038461538461 0.6105769230769231 0.04326923076923077 0.06971153846153846
275 0.4375 0.6983173076923077 0.04567307692307692 0.06971153846153846
264 0.5649038461538461 0.6959134615384616 0.04807692307692308 0.06971153846153846
259 0.4387019230769231 0.7836538461538461 0.04567307692307692 0.0673076923076923
272 0.6274038461538461 0.7872596153846154 0.04567307692307692 0.0673076923076923
270 0.5012019230769231 0.5228365384615384 0.04567307692307692 0.07451923076923077
270 0.5661057692307693 0.43149038461538464 0.04807692307692308 0.06971153846153846
270 0.5012019230769231 0.6129807692307693 0.04807692307692308 0.07451923076923077
270 0.5012019230769231 0.6995192307692307 0.04807692307692308 0.07211538461538461
270 0.5 0.7860576923076923 0.04567307692307692 0.07211538461538461
270 0.6298076923076923 0.5228365384615384 0.05048076923076923 0.07211538461538461
270 0.6286057692307693 0.6117788461538461 0.05048076923076923 0.07211538461538461
270 0.6286057692307693 0.6995192307692307 0.04807692307692308 0.06971153846153846