41 0.16105769230769232 0.12139423076923077 0.09615384615384616 0.09134615384615384
37 0.16105769230769232 0.2403846153846154 0.09375 0.09134615384615384
26 0.16105769230769232 0.35697115384615385 0.0985576923076923 0.09134615384615384
23 0.15985576923076922 0.4795673076923077 0.09615384615384616 0.0889423076923077
266 0.2644230769230769 0.12139423076923077 0.0889423076923077 0.09134615384615384
266 0.2644230769230769 0.2403846153846154 0.09375 0.09134615384615384
266 0.2668269230769231 0.35697115384615385 0.08653846153846154 0.09134615384615384
266 0.265625 0.4795673076923077 0.09134615384615384 0.09134615384615384
266 0.5228365384615384 0.12139423076923077 0.0985576923076923 0.0889423076923077
266 0.5228365384615384 0.24158653846153846 0.09134615384615384 0.0889423076923077
266 0.5228365384615384 0.3605769230769231 0.0889423076923077 0.0889423076923077
266 0.5228365384615384 0.4795673076923077 0.08413461538461539 0.08413461538461539
266 0.5228365384615384 0.5985576923076923 0.09134615384615384 0.08413461538461539
266 0.78125 0.12379807692307693 0.10096153846153846 0.09375
266 0.7800480769230769 0.2403846153846154 0.09134615384615384 0.0889423076923077
266 0.7824519230769231 0.36177884615384615 0.09615384615384616 0.09134615384615384
266 0.7824519230769231 0.4807692307692308 0.09134615384615384 0.08653846153846154
25 0.6790865384615384 0.4807692307692308 0.10096153846153846 0.0889423076923077
36 0.6754807692307693 0.3581730769230769 0.10096153846153846 0.09134615384615384
39 0.6766826923076923 0.23918269230769232 0.10336538461538461 0.09134615384615384
270 0.6730769230769231 0.12139423076923077 0.10096153846153846 0.09134615384615384
42 0.4170673076923077 0.11899038461538461 0.09134615384615384 0.08413461538461539
38 0.4170673076923077 0.23557692307692307 0.09615384615384616 0.0889423076923077
28 0.41346153846153844 0.35336538461538464 0.09615384615384616 0.08173076923076923
24 0.41947115384615385 0.4723557692307692 0.09375 0.09134615384615384
283 0.4182692307692308 0.5961538461538461 0.10576923076923077 0.09375
264 0.16105769230769232 0.7764423076923077 0.09375 0.10096153846153846
323 0.2668269230769231 0.7788461538461539 0.0889423076923077 0.09134615384615384
289 0.1622596153846154 0.8966346153846154 0.09134615384615384 0.09134615384615384
275 0.6778846153846154 0.7788461538461539 0.10096153846153846 0.09134615384615384
323 0.78125 0.7800480769230769 0.09375 0.09134615384615384
289 0.2620192307692308 0.9038461538461539 0.07692307692307693 0.08173076923076923
259 0.6742788461538461 0.9002403846153846 0.10096153846153846 0.09134615384615384
259 0.7776442307692307 0.9002403846153846 0.08413461538461539 0.08173076923076923