272 0.4362980769230769 0.04447115384615385 0.052884615384615384 0.07692307692307693
272 0.4951923076923077 0.04567307692307692 0.052884615384615384 0.07932692307692307
272 0.5552884615384616 0.046875 0.052884615384615384 0.07692307692307693
272 0.5925480769230769 0.24158653846153846 0.052884615384615384 0.07451923076923077
272 0.5925480769230769 0.3389423076923077 0.052884615384615384 0.07211538461538461
72 0.3954326923076923 0.3401442307692308 0.04807692307692308 0.07211538461538461
72 0.46033653846153844 0.34134615384615385 0.05048076923076923 0.07211538461538461
187 0.3954326923076923 0.43990384615384615 0.052884615384615384 0.07692307692307693
187 0.45913461538461536 0.43990384615384615 0.055288461538461536 0.07692307692307693
53 0.5276442307692307 0.4387019230769231 0.05048076923076923 0.07451923076923077
53 0.59375 0.4411057692307692 0.052884615384615384 0.07932692307692307
277 0.3942307692307692 0.5372596153846154 0.05048076923076923 0.07211538461538461
9 0.46153846153846156 0.5384615384615384 0.052884615384615384 0.07451923076923077
35 0.5276442307692307 0.5384615384615384 0.05048076923076923 0.07451923076923077
35 0.5949519230769231 0.5372596153846154 0.052884615384615384 0.07692307692307693
241 0.39663461538461536 0.6382211538461539 0.052884615384615384 0.07451923076923077
323 0.45913461538461536 0.6382211538461539 0.052884615384615384 0.07451923076923077
119 0.5288461538461539 0.6382211538461539 0.052884615384615384 0.07451923076923077
275 0.39663461538461536 0.7379807692307693 0.05048076923076923 0.07451923076923077
260 0.45913461538461536 0.7403846153846154 0.04807692307692308 0.07211538461538461
264 0.5288461538461539 0.7379807692307693 0.055288461538461536 0.07932692307692307
119 0.59375 0.6382211538461539 0.05048076923076923 0.07211538461538461
260 0.5913461538461539 0.7391826923076923 0.052884615384615384 0.07451923076923077
259 0.39663461538461536 0.8365384615384616 0.055288461538461536 0.07211538461538461
260 0.46153846153846156 0.8365384615384616 0.052884615384615384 0.07211538461538461
289 0.5300480769230769 0.8365384615384616 0.05048076923076923 0.07451923076923077
272 0.5925480769230769 0.8389423076923077 0.052884615384615384 0.08173076923076923