53 0.38221153846153844 0.234375 0.09134615384615384 0.09375
35 0.38341346153846156 0.36538461538461536 0.09134615384615384 0.0889423076923077
277 0.38221153846153844 0.49759615384615385 0.09375 0.09615384615384616
119 0.3798076923076923 0.6298076923076923 0.09615384615384616 0.09375
275 0.2536057692307692 0.7608173076923077 0.09375 0.09615384615384616
264 0.5012019230769231 0.7596153846153846 0.09134615384615384 0.09615384615384616
259 0.38341346153846156 0.8942307692307693 0.10576923076923077 0.09615384615384616
270 0.5036057692307693 0.23317307692307693 0.09375 0.10336538461538461
270 0.5 0.36778846153846156 0.08653846153846154 0.0985576923076923
270 0.5012019230769231 0.5012019230769231 0.09615384615384616 0.0985576923076923
270 0.5024038461538461 0.6346153846153846 0.0985576923076923 0.10096153846153846
270 0.375 0.765625 0.0985576923076923 0.0985576923076923
270 0.6225961538461539 0.765625 0.10336538461538461 0.10576923076923077
270 0.4987980769230769 0.8990384615384616 0.10336538461538461 0.10576923076923077