72 0.39663461538461536 0.30408653846153844 0.0625 0.0673076923076923
272 0.5408653846153846 0.042067307692307696 0.06490384615384616 0.0625
272 0.5408653846153846 0.12860576923076922 0.06490384615384616 0.0625
272 0.5408653846153846 0.21634615384615385 0.06490384615384616 0.0625
272 0.5408653846153846 0.30528846153846156 0.06490384615384616 0.0625
272 0.5396634615384616 0.39302884615384615 0.06490384615384616 0.0625
266 0.5420673076923077 0.4831730769230769 0.06490384615384616 0.0625
266 0.328125 0.484375 0.06490384615384616 0.0625
72 0.3269230769230769 0.30408653846153844 0.0625 0.06490384615384616
53 0.328125 0.3942307692307692 0.06490384615384616 0.0625
53 0.3942307692307692 0.3942307692307692 0.06490384615384616 0.0625
35 0.3954326923076923 0.4855769230769231 0.06490384615384616 0.06490384615384616
277 0.3269230769230769 0.5757211538461539 0.0673076923076923 0.06971153846153846
9 0.3942307692307692 0.5757211538461539 0.06490384615384616 0.06971153846153846
119 0.3269230769230769 0.6658653846153846 0.0673076923076923 0.06490384615384616
119 0.3954326923076923 0.6658653846153846 0.0673076923076923 0.06490384615384616
323 0.39663461538461536 0.12620192307692307 0.06009615384615385 0.0625
272 0.5420673076923077 0.6658653846153846 0.06490384615384616 0.0625
259 0.328125 0.8461538461538461 0.0673076923076923 0.0673076923076923
259 0.39783653846153844 0.8461538461538461 0.0673076923076923 0.0673076923076923
289 0.4723557692307692 0.8461538461538461 0.0673076923076923 0.0673076923076923
289 0.5396634615384616 0.8497596153846154 0.06490384615384616 0.0673076923076923
275 0.3293269230769231 0.9326923076923077 0.0625 0.06490384615384616
323 0.5408653846153846 0.9350961538461539 0.06490384615384616 0.0673076923076923
323 0.39663461538461536 0.9338942307692307 0.0625 0.0673076923076923
264 0.4723557692307692 0.9350961538461539 0.06490384615384616 0.0625
323 0.39783653846153844 0.039663461538461536 0.06009615384615385 0.0625