79 0.13341346153846154 0.1201923076923077 0.07692307692307693 0.12259615384615384
266 0.20432692307692307 0.12379807692307693 0.06971153846153846 0.10817307692307693
266 0.21153846153846154 0.24879807692307693 0.06490384615384616 0.10817307692307693
266 0.21634615384615385 0.36778846153846156 0.0625 0.0985576923076923
266 0.22235576923076922 0.4795673076923077 0.06009615384615385 0.0985576923076923
266 0.22716346153846154 0.5853365384615384 0.06009615384615385 0.09615384615384616
266 0.23317307692307693 0.6862980769230769 0.057692307692307696 0.09134615384615384
266 0.23798076923076922 0.7776442307692307 0.057692307692307696 0.09134615384615384
266 0.34615384615384615 0.12379807692307693 0.06490384615384616 0.11298076923076923
266 0.3485576923076923 0.25 0.0673076923076923 0.10576923076923077
266 0.35096153846153844 0.36778846153846156 0.0673076923076923 0.10576923076923077
266 0.35216346153846156 0.4795673076923077 0.0625 0.10096153846153846
266 0.35216346153846156 0.5841346153846154 0.06009615384615385 0.09375
266 0.3545673076923077 0.6802884615384616 0.06009615384615385 0.09375
266 0.3557692307692308 0.7752403846153846 0.057692307692307696 0.08653846153846154
266 0.3557692307692308 0.8665865384615384 0.055288461538461536 0.08173076923076923
266 0.47115384615384615 0.8653846153846154 0.055288461538461536 0.07932692307692307
266 0.47475961538461536 0.7764423076923077 0.052884615384615384 0.08653846153846154
266 0.47596153846153844 0.6802884615384616 0.052884615384615384 0.08653846153846154
266 0.47836538461538464 0.5841346153846154 0.057692307692307696 0.09134615384615384
266 0.4795673076923077 0.4807692307692308 0.06009615384615385 0.09134615384615384
266 0.4831730769230769 0.36899038461538464 0.06009615384615385 0.09134615384615384
266 0.484375 0.25240384615384615 0.06009615384615385 0.09615384615384616
266 0.4891826923076923 0.12860576923076922 0.0625 0.11057692307692307
266 0.625 0.12980769230769232 0.0625 0.11057692307692307
266 0.7620192307692307 0.13581730769230768 0.0625 0.11057692307692307
266 0.6201923076923077 0.2536057692307692 0.06009615384615385 0.10576923076923077
266 0.7524038461538461 0.25600961538461536 0.057692307692307696 0.10576923076923077
266 0.7415865384615384 0.3713942307692308 0.057692307692307696 0.10576923076923077
266 0.7319711538461539 0.48197115384615385 0.06009615384615385 0.0985576923076923
266 0.7223557692307693 0.5829326923076923 0.057692307692307696 0.0889423076923077
266 0.7151442307692307 0.6790865384615384 0.057692307692307696 0.0889423076923077
266 0.7067307692307693 0.7716346153846154 0.057692307692307696 0.0889423076923077
266 0.6153846153846154 0.36899038461538464 0.06009615384615385 0.09134615384615384
266 0.6081730769230769 0.4795673076923077 0.06009615384615385 0.09134615384615384
266 0.6009615384615384 0.5841346153846154 0.06009615384615385 0.09134615384615384
266 0.5949519230769231 0.6802884615384616 0.052884615384615384 0.08653846153846154
266 0.5889423076923077 0.7716346153846154 0.052884615384615384 0.08653846153846154
266 0.5853365384615384 0.8581730769230769 0.055288461538461536 0.07932692307692307
260 0.24639423076923078 0.9471153846153846 0.052884615384615384 0.08173076923076923
260 0.359375 0.9471153846153846 0.055288461538461536 0.08173076923076923
323 0.46875 0.9459134615384616 0.055288461538461536 0.08173076923076923
260 0.5805288461538461 0.9411057692307693 0.055288461538461536 0.08173076923076923
260 0.6875 0.9399038461538461 0.055288461538461536 0.08173076923076923
80 0.2776442307692308 0.1201923076923077 0.07692307692307693 0.12259615384615384
81 0.4182692307692308 0.12379807692307693 0.07692307692307693 0.12259615384615384
82 0.5576923076923077 0.12740384615384615 0.07692307692307693 0.12259615384615384
86 0.6971153846153846 0.13341346153846154 0.07692307692307693 0.12259615384615384
74 0.14302884615384615 0.24759615384615385 0.07211538461538461 0.11778846153846154
75 0.27884615384615385 0.24519230769230768 0.07211538461538461 0.1201923076923077
76 0.4170673076923077 0.24879807692307693 0.07211538461538461 0.11778846153846154
77 0.5528846153846154 0.2512019230769231 0.07211538461538461 0.1201923076923077
78 0.6875 0.2512019230769231 0.07211538461538461 0.1201923076923077
61 0.15144230769230768 0.36658653846153844 0.0673076923076923 0.11538461538461539
62 0.28365384615384615 0.36658653846153844 0.06971153846153846 0.11538461538461539
63 0.4170673076923077 0.36778846153846156 0.06971153846153846 0.11538461538461539
64 0.5492788461538461 0.36899038461538464 0.06971153846153846 0.11538461538461539
73 0.6802884615384616 0.3713942307692308 0.06971153846153846 0.11538461538461539
55 0.15745192307692307 0.47475961538461536 0.0673076923076923 0.10817307692307693
56 0.28725961538461536 0.47716346153846156 0.0673076923076923 0.10817307692307693
57 0.41466346153846156 0.4795673076923077 0.0673076923076923 0.10817307692307693
59 0.5444711538461539 0.47836538461538464 0.0673076923076923 0.10817307692307693
60 0.6682692307692307 0.47836538461538464 0.0673076923076923 0.10817307692307693
43 0.16346153846153846 0.5829326923076923 0.0673076923076923 0.10096153846153846
44 0.29086538461538464 0.5829326923076923 0.06490384615384616 0.10096153846153846
46 0.41586538461538464 0.5817307692307693 0.06490384615384616 0.10096153846153846
47 0.5408653846153846 0.5829326923076923 0.06490384615384616 0.10096153846153846
54 0.6622596153846154 0.5829326923076923 0.06490384615384616 0.10096153846153846
37 0.17067307692307693 0.6802884615384616 0.06490384615384616 0.09615384615384616
38 0.2932692307692308 0.6814903846153846 0.06490384615384616 0.09615384615384616
39 0.4170673076923077 0.6778846153846154 0.06490384615384616 0.09615384615384616
41 0.5348557692307693 0.6790865384615384 0.06490384615384616 0.09615384615384616
42 0.6550480769230769 0.6790865384615384 0.06490384615384616 0.09615384615384616
24 0.17548076923076922 0.7740384615384616 0.06490384615384616 0.09615384615384616
25 0.2956730769230769 0.7740384615384616 0.06490384615384616 0.09615384615384616
26 0.41466346153846156 0.7716346153846154 0.06490384615384616 0.09615384615384616
28 0.5324519230769231 0.7704326923076923 0.06009615384615385 0.09615384615384616
36 0.6478365384615384 0.7692307692307693 0.0625 0.09615384615384616
283 0.29927884615384615 0.8641826923076923 0.0625 0.08653846153846154
185 0.41225961538461536 0.8629807692307693 0.06009615384615385 0.08653846153846154
23 0.5288461538461539 0.859375 0.0625 0.09615384615384616
275 0.18990384615384615 0.9483173076923077 0.057692307692307696 0.09134615384615384
264 0.30288461538461536 0.9519230769230769 0.055288461538461536 0.09134615384615384
259 0.41586538461538464 0.9471153846153846 0.055288461538461536 0.09134615384615384
275 0.5240384615384616 0.9435096153846154 0.055288461538461536 0.08413461538461539
264 0.6358173076923077 0.9387019230769231 0.055288461538461536 0.08413461538461539