78 0.11177884615384616 0.171875 0.1201923076923077 0.09134615384615384
79 0.23677884615384615 0.17548076923076922 0.125 0.0985576923076923
80 0.3641826923076923 0.17668269230769232 0.125 0.0985576923076923
81 0.4963942307692308 0.1814903846153846 0.13701923076923078 0.10576923076923077
184 0.6334134615384616 0.18028846153846154 0.13942307692307693 0.10096153846153846
256 0.7752403846153846 0.1814903846153846 0.1466346153846154 0.10817307692307693
226 0.9194711538461539 0.18389423076923078 0.1466346153846154 0.10817307692307693
63 0.12139423076923077 0.2692307692307692 0.12259615384615384 0.09615384615384616
64 0.24519230769230768 0.2704326923076923 0.12259615384615384 0.09615384615384616
73 0.36778846153846156 0.2764423076923077 0.12740384615384615 0.10096153846153846
74 0.4963942307692308 0.28125 0.13221153846153846 0.10336538461538461
75 0.6286057692307693 0.28365384615384615 0.13221153846153846 0.10336538461538461
76 0.7680288461538461 0.28725961538461536 0.13942307692307693 0.10336538461538461
77 0.9098557692307693 0.2920673076923077 0.13942307692307693 0.10336538461538461
55 0.12980769230769232 0.3629807692307692 0.12259615384615384 0.09375
56 0.25240384615384615 0.36658653846153844 0.12259615384615384 0.09134615384615384
57 0.3713942307692308 0.3737980769230769 0.12259615384615384 0.09375
59 0.49399038461538464 0.3786057692307692 0.125 0.0889423076923077
60 0.625 0.38341346153846156 0.12980769230769232 0.09134615384615384
61 0.7632211538461539 0.38822115384615385 0.13942307692307693 0.0985576923076923
62 0.9002403846153846 0.39302884615384615 0.14423076923076922 0.10576923076923077
41 0.13942307692307693 0.4543269230769231 0.1201923076923077 0.0889423076923077
42 0.25240384615384615 0.4579326923076923 0.1201923076923077 0.0889423076923077
43 0.3737980769230769 0.4639423076923077 0.1201923076923077 0.0889423076923077
44 0.49399038461538464 0.47115384615384615 0.1201923076923077 0.0889423076923077
46 0.6201923076923077 0.47716346153846156 0.125 0.09134615384615384
47 0.7548076923076923 0.48197115384615385 0.1346153846153846 0.09375
54 0.8942307692307693 0.49158653846153844 0.13942307692307693 0.09615384615384616
25 0.1466346153846154 0.5420673076923077 0.11538461538461539 0.08173076923076923
26 0.26322115384615385 0.5456730769230769 0.11538461538461539 0.08173076923076923
28 0.3798076923076923 0.5540865384615384 0.11538461538461539 0.08173076923076923
36 0.4951923076923077 0.5600961538461539 0.11778846153846154 0.08173076923076923
37 0.6201923076923077 0.5697115384615384 0.12740384615384615 0.09134615384615384
38 0.7463942307692307 0.5733173076923077 0.12980769230769232 0.09615384615384616
39 0.8786057692307693 0.5817307692307693 0.13942307692307693 0.09375
113 0.15384615384615385 0.6201923076923077 0.11298076923076923 0.08173076923076923
10 0.2668269230769231 0.6286057692307693 0.11298076923076923 0.09134615384615384
11 0.3798076923076923 0.6358173076923077 0.11298076923076923 0.0889423076923077
16 0.4963942307692308 0.6442307692307693 0.11778846153846154 0.09134615384615384
22 0.6165865384615384 0.6526442307692307 0.1201923076923077 0.0889423076923077
23 0.7415865384615384 0.6610576923076923 0.12740384615384615 0.0889423076923077
24 0.8725961538461539 0.671875 0.13701923076923078 0.09615384615384616
243 0.27403846153846156 0.7091346153846154 0.11298076923076923 0.08173076923076923
283 0.38221153846153844 0.71875 0.11057692307692307 0.08173076923076923
72 0.4963942307692308 0.7247596153846154 0.11538461538461539 0.07932692307692307
99 0.6117788461538461 0.7355769230769231 0.11778846153846154 0.08413461538461539
110 0.7415865384615384 0.7463942307692307 0.13221153846153846 0.09375
275 0.17067307692307693 0.7764423076923077 0.11057692307692307 0.08653846153846154
259 0.4987980769230769 0.8040865384615384 0.11778846153846154 0.08653846153846154
264 0.8557692307692307 0.8353365384615384 0.125 0.09375