275 0.2692307692307692 0.10216346153846154 0.1346153846153846 0.11057692307692307
264 0.7572115384615384 0.10096153846153846 0.1466346153846154 0.11538461538461539
259 0.5108173076923077 0.09975961538461539 0.1466346153846154 0.11538461538461539
85 0.2704326923076923 0.24639423076923078 0.1346153846153846 0.10336538461538461
26 0.7451923076923077 0.25 0.13701923076923078 0.10817307692307693
53 0.27283653846153844 0.38341346153846156 0.1346153846153846 0.10336538461538461
10 0.5036057692307693 0.3858173076923077 0.1346153846153846 0.10336538461538461
25 0.7307692307692307 0.38822115384615385 0.13221153846153846 0.10336538461538461
35 0.27884615384615385 0.5096153846153846 0.12980769230769232 0.09375
113 0.4987980769230769 0.515625 0.12980769230769232 0.09375
24 0.7247596153846154 0.5192307692307693 0.12980769230769232 0.09375
187 0.2764423076923077 0.6346153846153846 0.12740384615384615 0.09375
111 0.49278846153846156 0.6382211538461539 0.12740384615384615 0.09375
23 0.71875 0.6454326923076923 0.12980769230769232 0.09375
9 0.27884615384615385 0.7536057692307693 0.12740384615384615 0.0889423076923077
110 0.4951923076923077 0.7596153846153846 0.12740384615384615 0.0889423076923077
16 0.7067307692307693 0.7680288461538461 0.12740384615384615 0.09134615384615384
119 0.2824519230769231 0.8641826923076923 0.11778846153846154 0.08413461538461539
99 0.49038461538461536 0.8725961538461539 0.11778846153846154 0.08413461538461539
11 0.7019230769230769 0.8834134615384616 0.11778846153846154 0.08413461538461539