111 0.36177884615384615 0.12379807692307693 0.0985576923076923 0.07211538461538461
232 0.53125 0.12259615384615384 0.0985576923076923 0.07211538461538461
110 0.3629807692307692 0.21875 0.09134615384615384 0.07211538461538461
99 0.36778846153846156 0.31009615384615385 0.09134615384615384 0.07211538461538461
85 0.3713942307692308 0.39903846153846156 0.09134615384615384 0.07211538461538461
53 0.37259615384615385 0.48677884615384615 0.0889423076923077 0.06490384615384616
35 0.375 0.5721153846153846 0.0889423076923077 0.06490384615384616
187 0.375 0.6514423076923077 0.0889423076923077 0.06490384615384616
9 0.3762019230769231 0.734375 0.0889423076923077 0.06490384615384616
119 0.3798076923076923 0.8125 0.07932692307692307 0.057692307692307696
26 0.53125 0.21754807692307693 0.09134615384615384 0.06971153846153846
25 0.5300480769230769 0.31009615384615385 0.09134615384615384 0.06971153846153846
24 0.5348557692307693 0.39903846153846156 0.09134615384615384 0.06971153846153846
23 0.5336538461538461 0.48677884615384615 0.0889423076923077 0.06490384615384616
16 0.5348557692307693 0.5709134615384616 0.08653846153846154 0.06490384615384616
11 0.5336538461538461 0.6526442307692307 0.0889423076923077 0.06490384615384616
10 0.5336538461538461 0.7319711538461539 0.0889423076923077 0.0673076923076923
113 0.5336538461538461 0.8100961538461539 0.08173076923076923 0.06009615384615385
264 0.6081730769230769 0.9026442307692307 0.08173076923076923 0.06009615384615385
259 0.46153846153846156 0.9074519230769231 0.08173076923076923 0.06009615384615385
275 0.3076923076923077 0.9038461538461539 0.07932692307692307 0.06009615384615385