357 0.4362980769230769 0.1201923076923077 0.07692307692307693 0.06971153846153846
321 0.3581730769230769 0.22235576923076922 0.07451923076923077 0.0625
346 0.5084134615384616 0.22716346153846154 0.06971153846153846 0.06009615384615385
10 0.3629807692307692 0.32572115384615385 0.07451923076923077 0.055288461538461536
259 0.5048076923076923 0.3245192307692308 0.06490384615384616 0.052884615384615384
111 0.36538461538461536 0.4182692307692308 0.07211538461538461 0.055288461538461536
113 0.5036057692307693 0.41346153846153844 0.06009615384615385 0.052884615384615384
99 0.36658653846153844 0.5048076923076923 0.07211538461538461 0.055288461538461536
110 0.5 0.4951923076923077 0.0625 0.05048076923076923
72 0.3713942307692308 0.5853365384615384 0.0673076923076923 0.05048076923076923
85 0.4987980769230769 0.5745192307692307 0.06009615384615385 0.05048076923076923
35 0.3713942307692308 0.6622596153846154 0.0625 0.04807692307692308
53 0.49759615384615385 0.6478365384615384 0.06009615384615385 0.04807692307692308
8 0.37259615384615385 0.7355769230769231 0.06490384615384616 0.04807692307692308
9 0.4963942307692308 0.7175480769230769 0.057692307692307696 0.04567307692307692
275 0.37259615384615385 0.8040865384615384 0.0625 0.04807692307692308
264 0.49399038461538464 0.7848557692307693 0.057692307692307696 0.04326923076923077