259 0.2439903846153846 0.0733173076923077 0.1201923076923077 0.10336538461538461
266 0.45913461538461536 0.09014423076923077 0.10817307692307693 0.10096153846153846
266 0.6598557692307693 0.10216346153846154 0.10576923076923077 0.09615384615384616
113 0.24639423076923078 0.27163461538461536 0.10336538461538461 0.08413461538461539
10 0.4483173076923077 0.2800480769230769 0.0985576923076923 0.08173076923076923
11 0.6334134615384616 0.2860576923076923 0.09615384615384616 0.07451923076923077
99 0.2512019230769231 0.4014423076923077 0.0985576923076923 0.07451923076923077
110 0.4411057692307692 0.40384615384615385 0.09375 0.07451923076923077
111 0.6165865384615384 0.40625 0.08653846153846154 0.0673076923076923
53 0.25240384615384615 0.5168269230769231 0.09615384615384616 0.0673076923076923
72 0.4338942307692308 0.5144230769230769 0.09134615384615384 0.06490384615384616
85 0.5973557692307693 0.5144230769230769 0.08653846153846154 0.0625
152 0.25240384615384615 0.6213942307692307 0.09134615384615384 0.0625
9 0.42427884615384615 0.6165865384615384 0.08413461538461539 0.06009615384615385
35 0.5853365384615384 0.6117788461538461 0.08173076923076923 0.057692307692307696
275 0.2536057692307692 0.7463942307692307 0.09134615384615384 0.055288461538461536
264 0.5697115384615384 0.7307692307692307 0.07932692307692307 0.05048076923076923