264 0.557692 0.832933 0.048077 0.055288
275 0.438702 0.775240 0.040865 0.045673
9 0.492788 0.671875 0.043269 0.050481
35 0.492788 0.575721 0.048077 0.055288
53 0.491587 0.471154 0.069712 0.072115
72 0.490385 0.362981 0.072115 0.072115
85 0.486779 0.256010 0.055288 0.074519
99 0.485577 0.137019 0.072115 0.076923
275 0.173077 0.659856 0.028846 0.031250
264 0.112981 0.633413 0.024038 0.031250
9 0.134615 0.551683 0.028846 0.031250
35 0.127404 0.483173 0.028846 0.033654
53 0.121394 0.414663 0.036058 0.036058
72 0.114183 0.341346 0.026442 0.038462
85 0.104567 0.265625 0.021635 0.045673
99 0.097356 0.188702 0.026442 0.050481
259 0.052885 0.042067 0.028846 0.055288
