275 0.493990 0.664663 0.036058 0.045673
264 0.592548 0.718750 0.040865 0.052885
275 0.286058 0.561298 0.024038 0.026442
264 0.236779 0.537260 0.021635 0.021635
9 0.540865 0.581731 0.038462 0.038462
35 0.539663 0.496394 0.040865 0.040865
53 0.543269 0.412260 0.043269 0.045673
72 0.542067 0.318510 0.040865 0.050481
85 0.540865 0.225962 0.043269 0.067308
99 0.540865 0.120192 0.048077 0.072115
259 0.188702 0.020433 0.021635 0.036058
9 0.257212 0.467548 0.024038 0.026442
35 0.250000 0.411058 0.024038 0.024038
53 0.246394 0.349760 0.021635 0.026442
72 0.239183 0.284856 0.021635 0.026442
