275 0.4206730769230769 0.12379807692307693 0.055288461538461536 0.08653846153846154
264 0.4963942307692308 0.12259615384615384 0.04567307692307692 0.08653846153846154
22 0.4182692307692308 0.27283653846153844 0.04326923076923077 0.08413461538461539
20 0.4182692307692308 0.3713942307692308 0.04326923076923077 0.08413461538461539
16 0.41586538461538464 0.4675480769230769 0.04326923076923077 0.08413461538461539
11 0.41586538461538464 0.5673076923076923 0.04326923076923077 0.08413461538461539
10 0.41225961538461536 0.6634615384615384 0.04326923076923077 0.08413461538461539
113 0.4110576923076923 0.7596153846153846 0.04326923076923077 0.08413461538461539
111 0.4098557692307692 0.8545673076923077 0.04326923076923077 0.08413461538461539
110 0.40865384615384615 0.953125 0.04326923076923077 0.08413461538461539
38 0.4831730769230769 0.9567307692307693 0.04326923076923077 0.08413461538461539
39 0.4855769230769231 0.8653846153846154 0.04326923076923077 0.08413461538461539
41 0.4855769230769231 0.7680288461538461 0.04326923076923077 0.08413461538461539
42 0.48677884615384615 0.6694711538461539 0.04326923076923077 0.08413461538461539
43 0.4891826923076923 0.5709134615384616 0.04326923076923077 0.08413461538461539
44 0.49038461538461536 0.4735576923076923 0.04326923076923077 0.08413461538461539
46 0.49278846153846156 0.37740384615384615 0.04326923076923077 0.08413461538461539
47 0.49158653846153844 0.2764423076923077 0.04326923076923077 0.08173076923076923