73 0.36658653846153844 0.3245192307692308 0.03125 0.052884615384615384
62 0.36778846153846156 0.39663461538461536 0.028846153846153848 0.04807692307692308
59 0.3701923076923077 0.4699519230769231 0.028846153846153848 0.04807692307692308
260 0.37259615384615385 0.5384615384615384 0.03365384615384615 0.052884615384615384
260 0.375 0.6057692307692307 0.03365384615384615 0.052884615384615384
260 0.37740384615384615 0.6730769230769231 0.03365384615384615 0.052884615384615384
260 0.37740384615384615 0.7403846153846154 0.03365384615384615 0.052884615384615384
260 0.3798076923076923 0.8052884615384616 0.03365384615384615 0.052884615384615384
365 0.38221153846153844 0.9098557692307693 0.028846153846153848 0.05048076923076923
272 0.38341346153846156 0.9723557692307693 0.028846153846153848 0.05048076923076923
365 0.53125 0.8882211538461539 0.026442307692307692 0.04567307692307692
272 0.5336538461538461 0.9471153846153846 0.028846153846153848 0.04567307692307692
73 0.4495192307692308 0.3942307692307692 0.028846153846153848 0.052884615384615384
60 0.45072115384615385 0.4639423076923077 0.03125 0.055288461538461536
56 0.4519230769230769 0.53125 0.03125 0.055288461538461536
260 0.4519230769230769 0.5985576923076923 0.03125 0.055288461538461536
260 0.453125 0.6634615384615384 0.03125 0.052884615384615384
260 0.4543269230769231 0.7295673076923077 0.03125 0.052884615384615384
260 0.4543269230769231 0.7944711538461539 0.03125 0.052884615384615384
64 0.5276442307692307 0.3870192307692308 0.028846153846153848 0.05048076923076923
61 0.5276442307692307 0.4567307692307692 0.028846153846153848 0.05048076923076923
57 0.5288461538461539 0.5240384615384616 0.028846153846153848 0.05048076923076923
54 0.5288461538461539 0.5901442307692307 0.028846153846153848 0.04807692307692308
44 0.5300480769230769 0.6550480769230769 0.028846153846153848 0.04807692307692308
41 0.5300480769230769 0.7211538461538461 0.028846153846153848 0.04807692307692308
111 0.53125 0.7836538461538461 0.028846153846153848 0.04807692307692308