259 0.5576923076923077 0.19471153846153846 0.04326923076923077 0.07932692307692307
266 0.5576923076923077 0.09495192307692307 0.04567307692307692 0.08653846153846154
266 0.39302884615384615 0.0985576923076923 0.04807692307692308 0.08173076923076923
111 0.5576923076923077 0.3112980769230769 0.04807692307692308 0.08173076923076923
110 0.39783653846153844 0.31490384615384615 0.04567307692307692 0.07692307692307693
99 0.5564903846153846 0.4098557692307692 0.04807692307692308 0.07692307692307693
85 0.39783653846153844 0.4098557692307692 0.04567307692307692 0.07692307692307693
72 0.5564903846153846 0.5024038461538461 0.04567307692307692 0.07932692307692307
53 0.40024038461538464 0.5024038461538461 0.04326923076923077 0.07692307692307693
35 0.5564903846153846 0.5949519230769231 0.04326923076923077 0.07932692307692307
9 0.40024038461538464 0.5949519230769231 0.04326923076923077 0.07932692307692307
152 0.5564903846153846 0.6862980769230769 0.04326923076923077 0.07451923076923077
120 0.4026442307692308 0.6838942307692307 0.04567307692307692 0.07692307692307693
264 0.5576923076923077 0.7932692307692307 0.04326923076923077 0.07451923076923077
275 0.40384615384615385 0.7908653846153846 0.04326923076923077 0.07211538461538461
288 0.3942307692307692 0.19951923076923078 0.04807692307692308 0.08173076923076923
288 0.44711538461538464 0.1971153846153846 0.04807692307692308 0.08173076923076923
288 0.5036057692307693 0.19831730769230768 0.04807692307692308 0.08173076923076923