273 0.45552884615384615 0.2283653846153846 0.1875 0.25961538461538464
9 0.4026442307692308 0.5132211538461539 0.06009615384615385 0.11298076923076923
72 0.4050480769230769 0.6622596153846154 0.06009615384615385 0.11298076923076923
110 0.4074519230769231 0.8100961538461539 0.06009615384615385 0.11298076923076923
276 0.40865384615384615 0.9423076923076923 0.06009615384615385 0.11298076923076923
8 0.46875 0.9423076923076923 0.06009615384615385 0.11298076923076923
0 0.5288461538461539 0.9326923076923077 0.06009615384615385 0.11298076923076923
113 0.5252403846153846 0.7920673076923077 0.06009615384615385 0.11298076923076923
111 0.46634615384615385 0.8004807692307693 0.06009615384615385 0.11298076923076923
85 0.46634615384615385 0.65625 0.06009615384615385 0.11298076923076923
35 0.4639423076923077 0.5072115384615384 0.057692307692307696 0.11298076923076923
53 0.5252403846153846 0.5048076923076923 0.06009615384615385 0.11298076923076923
99 0.5252403846153846 0.6490384615384616 0.06009615384615385 0.11298076923076923