72 0.5144230769230769 0.2439903846153846 0.10336538461538461 0.04567307692307692
35 0.4495192307692308 0.29447115384615385 0.10336538461538461 0.04807692307692308
187 0.44711538461538464 0.34615384615384615 0.10336538461538461 0.04567307692307692
53 0.5685096153846154 0.2980769230769231 0.10096153846153846 0.04567307692307692
187 0.5625 0.35096153846153844 0.10096153846153846 0.04807692307692308
283 0.5012019230769231 0.40024038461538464 0.10096153846153846 0.04807692307692308
119 0.43990384615384615 0.44711538461538464 0.10096153846153846 0.04567307692307692
119 0.5528846153846154 0.453125 0.10096153846153846 0.04567307692307692
275 0.49399038461538464 0.5012019230769231 0.10096153846153846 0.04567307692307692
259 0.4338942307692308 0.5480769230769231 0.09375 0.04567307692307692
289 0.5456730769230769 0.5516826923076923 0.09615384615384616 0.04326923076923077