35 0.41346153846153844 0.17427884615384615 0.055288461538461536 0.04326923076923077
363 0.5612980769230769 0.17427884615384615 0.052884615384615384 0.04326923076923077
24 0.41466346153846156 0.265625 0.052884615384615384 0.040865384615384616
25 0.5600961538461539 0.2668269230769231 0.052884615384615384 0.038461538461538464
22 0.41466346153846156 0.3269230769230769 0.052884615384615384 0.038461538461538464
23 0.5600961538461539 0.3269230769230769 0.04807692307692308 0.038461538461538464
16 0.41586538461538464 0.3858173076923077 0.052884615384615384 0.038461538461538464
20 0.5588942307692307 0.3858173076923077 0.04807692307692308 0.036057692307692304
10 0.41586538461538464 0.44471153846153844 0.05048076923076923 0.038461538461538464
11 0.5600961538461539 0.44350961538461536 0.05048076923076923 0.038461538461538464
111 0.41586538461538464 0.5012019230769231 0.052884615384615384 0.038461538461538464
113 0.5600961538461539 0.5024038461538461 0.05048076923076923 0.038461538461538464
99 0.4170673076923077 0.5588942307692307 0.05048076923076923 0.036057692307692304
110 0.5588942307692307 0.5576923076923077 0.05048076923076923 0.03365384615384615
72 0.4170673076923077 0.6430288461538461 0.052884615384615384 0.038461538461538464
85 0.5576923076923077 0.6430288461538461 0.052884615384615384 0.038461538461538464
53 0.5576923076923077 0.6971153846153846 0.052884615384615384 0.038461538461538464
35 0.4170673076923077 0.6983173076923077 0.052884615384615384 0.038461538461538464
323 0.5552884615384616 0.8221153846153846 0.052884615384615384 0.038461538461538464
323 0.4170673076923077 0.8233173076923077 0.052884615384615384 0.038461538461538464
323 0.5552884615384616 0.8762019230769231 0.052884615384615384 0.038461538461538464
343 0.4891826923076923 0.7608173076923077 0.10576923076923077 0.038461538461538464