23 0.3293269230769231 0.21394230769230768 0.20432692307692307 0.15865384615384615
259 0.6514423076923077 0.21995192307692307 0.19471153846153846 0.16105769230769232
11 0.3473557692307692 0.421875 0.1778846153846154 0.12980769230769232
110 0.3581730769230769 0.5480769230769231 0.16105769230769232 0.10096153846153846
53 0.36899038461538464 0.6526442307692307 0.15144230769230768 0.09375
152 0.3762019230769231 0.7463942307692307 0.14182692307692307 0.08413461538461539
275 0.3858173076923077 0.8317307692307693 0.1346153846153846 0.07451923076923077
264 0.5913461538461539 0.8413461538461539 0.13701923076923078 0.06971153846153846
9 0.5961538461538461 0.7524038461538461 0.14182692307692307 0.07692307692307693
85 0.6045673076923077 0.6610576923076923 0.15865384615384615 0.09134615384615384
113 0.6129807692307693 0.5528846153846154 0.17067307692307693 0.0985576923076923
20 0.6286057692307693 0.4254807692307692 0.18269230769230768 0.12259615384615384