275 0.4651442307692308 0.17548076923076922 0.11057692307692307 0.09134615384615384
264 0.46875 0.28725961538461536 0.11057692307692307 0.08413461538461539
110 0.4387019230769231 0.39903846153846156 0.04807692307692308 0.08413461538461539
23 0.5024038461538461 0.3954326923076923 0.04567307692307692 0.08413461538461539
99 0.4411057692307692 0.5084134615384616 0.05048076923076923 0.08653846153846154
22 0.5060096153846154 0.5036057692307693 0.04807692307692308 0.08653846153846154
85 0.44471153846153844 0.6189903846153846 0.05048076923076923 0.09134615384615384
16 0.5084134615384616 0.6105769230769231 0.04807692307692308 0.08653846153846154
72 0.44711538461538464 0.7307692307692307 0.05048076923076923 0.09375
11 0.5108173076923077 0.7163461538461539 0.04807692307692308 0.09134615384615384
53 0.45072115384615385 0.8413461538461539 0.04807692307692308 0.09375
10 0.5144230769230769 0.8269230769230769 0.05048076923076923 0.09134615384615384
35 0.4543269230769231 0.9507211538461539 0.04807692307692308 0.09615384615384616
113 0.5180288461538461 0.9350961538461539 0.04807692307692308 0.09615384615384616