120 0.4735576923076923 0.5048076923076923 0.026442307692307692 0.05048076923076923
9 0.4723557692307692 0.42908653846153844 0.03125 0.052884615384615384
35 0.4735576923076923 0.3485576923076923 0.028846153846153848 0.057692307692307696
53 0.4735576923076923 0.2692307692307692 0.028846153846153848 0.04807692307692308
72 0.4735576923076923 0.18629807692307693 0.03125 0.055288461538461536
85 0.4723557692307692 0.10096153846153846 0.03125 0.055288461538461536
260 0.5372596153846154 0.10096153846153846 0.028846153846153848 0.057692307692307696
10 0.5360576923076923 0.18509615384615385 0.026442307692307692 0.055288461538461536
113 0.5360576923076923 0.26802884615384615 0.03125 0.057692307692307696
111 0.5360576923076923 0.35096153846153844 0.028846153846153848 0.052884615384615384
110 0.5360576923076923 0.43028846153846156 0.028846153846153848 0.052884615384615384
99 0.5360576923076923 0.5072115384615384 0.028846153846153848 0.055288461538461536
121 0.4723557692307692 0.5829326923076923 0.03125 0.052884615384615384
275 0.4735576923076923 0.7043269230769231 0.028846153846153848 0.05048076923076923
264 0.5348557692307693 0.7067307692307693 0.028846153846153848 0.05048076923076923