72 0.07451923076923077 0.4735576923076923 0.028846153846153848 0.04326923076923077
53 0.08533653846153846 0.5709134615384616 0.028846153846153848 0.04326923076923077
35 0.09495192307692307 0.6658653846153846 0.028846153846153848 0.04807692307692308
9 0.10096153846153846 0.7572115384615384 0.02403846153846154 0.040865384615384616
290 0.02283653846153846 0.5745192307692307 0.019230769230769232 0.038461538461538464
320 0.03365384615384615 0.6634615384615384 0.028846153846153848 0.040865384615384616
354 0.042067307692307696 0.7548076923076923 0.02403846153846154 0.036057692307692304
300 0.17307692307692307 0.45913461538461536 0.03125 0.05048076923076923
272 0.22716346153846154 0.4579326923076923 0.026442307692307692 0.04567307692307692
363 0.27283653846153844 0.4639423076923077 0.03125 0.052884615384615384
272 0.23197115384615385 0.5516826923076923 0.021634615384615384 0.036057692307692304
272 0.4182692307692308 0.7872596153846154 0.04326923076923077 0.06971153846153846
272 0.5084134615384616 0.7884615384615384 0.04326923076923077 0.0673076923076923
272 0.4170673076923077 0.6875 0.04567307692307692 0.07932692307692307
35 0.23076923076923078 0.6442307692307693 0.028846153846153848 0.052884615384615384
9 0.234375 0.6959134615384616 0.03125 0.05048076923076923
119 0.23677884615384615 0.7475961538461539 0.026442307692307692 0.05048076923076923
291 0.19591346153846154 0.8413461538461539 0.028846153846153848 0.04567307692307692
291 0.2860576923076923 0.84375 0.026442307692307692 0.05048076923076923
366 0.30528846153846156 0.11177884615384616 0.04807692307692308 0.07692307692307693
9 0.3581730769230769 0.1141826923076923 0.04807692307692308 0.08173076923076923
35 0.4098557692307692 0.11298076923076923 0.04807692307692308 0.08413461538461539
53 0.46274038461538464 0.11778846153846154 0.04807692307692308 0.08173076923076923
72 0.5144230769230769 0.11778846153846154 0.04807692307692308 0.08173076923076923
85 0.5673076923076923 0.1201923076923077 0.04807692307692308 0.08173076923076923
265 0.6213942307692307 0.12259615384615384 0.04807692307692308 0.08653846153846154
85 0.41586538461538464 0.32091346153846156 0.04326923076923077 0.055288461538461536
53 0.36658653846153844 0.4110576923076923 0.04326923076923077 0.055288461538461536
277 0.36778846153846156 0.4987980769230769 0.040865384615384616 0.04807692307692308
72 0.4639423076923077 0.41225961538461536 0.04326923076923077 0.055288461538461536
72 0.5132211538461539 0.41466346153846156 0.04807692307692308 0.08413461538461539
85 0.4639423076923077 0.3233173076923077 0.04807692307692308 0.08653846153846154
53 0.41466346153846156 0.4110576923076923 0.04807692307692308 0.08653846153846154
9 0.41586538461538464 0.5024038461538461 0.04567307692307692 0.08173076923076923
35 0.4639423076923077 0.5012019230769231 0.040865384615384616 0.05048076923076923
35 0.5108173076923077 0.5024038461538461 0.04807692307692308 0.08413461538461539
354 0.4170673076923077 0.5877403846153846 0.04567307692307692 0.07451923076923077
275 0.36899038461538464 0.5853365384615384 0.040865384615384616 0.05048076923076923
264 0.46274038461538464 0.5865384615384616 0.04326923076923077 0.052884615384615384
331 0.5096153846153846 0.5913461538461539 0.04567307692307692 0.07932692307692307
320 0.5096153846153846 0.6911057692307693 0.04567307692307692 0.07451923076923077
259 0.3737980769230769 0.8810096153846154 0.038461538461538464 0.04326923076923077
320 0.4182692307692308 0.8810096153846154 0.040865384615384616 0.06971153846153846
289 0.46274038461538464 0.8810096153846154 0.038461538461538464 0.04326923076923077
291 0.5072115384615384 0.8846153846153846 0.04326923076923077 0.07451923076923077
270 0.6286057692307693 0.49399038461538464 0.016826923076923076 0.036057692307692304
270 0.6862980769230769 0.4963942307692308 0.026442307692307692 0.04326923076923077
270 0.7295673076923077 0.4951923076923077 0.02403846153846154 0.04326923076923077
270 0.7884615384615384 0.49759615384615385 0.016826923076923076 0.03365384615384615
266 0.5973557692307693 0.5841346153846154 0.02403846153846154 0.04326923076923077
266 0.7043269230769231 0.5865384615384616 0.02403846153846154 0.038461538461538464
11 0.7584134615384616 0.5889423076923077 0.05048076923076923 0.05048076923076923
266 0.6310096153846154 0.6682692307692307 0.02403846153846154 0.040865384615384616
89 0.6502403846153846 0.5865384615384616 0.052884615384615384 0.05048076923076923
23 0.5961538461538461 0.6670673076923077 0.026442307692307692 0.04807692307692308
366 0.7752403846153846 0.6730769230769231 0.026442307692307692 0.04326923076923077
320 0.8701923076923077 0.5492788461538461 0.028846153846153848 0.04326923076923077
354 0.8605769230769231 0.6213942307692307 0.028846153846153848 0.04326923076923077
35 0.8533653846153846 0.6899038461538461 0.028846153846153848 0.04326923076923077
9 0.8461538461538461 0.7560096153846154 0.026442307692307692 0.038461538461538464
290 0.8425480769230769 0.8221153846153846 0.02403846153846154 0.036057692307692304
265 0.9014423076923077 0.14903846153846154 0.036057692307692304 0.0673076923076923
266 0.8449519230769231 0.03485576923076923 0.028846153846153848 0.052884615384615384
266 0.8401442307692307 0.13221153846153846 0.028846153846153848 0.055288461538461536
9 0.7872596153846154 0.020432692307692308 0.026442307692307692 0.040865384615384616
266 0.7836538461538461 0.0673076923076923 0.026442307692307692 0.05048076923076923
260 0.7764423076923077 0.13942307692307693 0.026442307692307692 0.04326923076923077
266 0.7716346153846154 0.18629807692307693 0.026442307692307692 0.04567307692307692
266 0.7115384615384616 0.0733173076923077 0.019230769230769232 0.03365384615384615
266 0.7091346153846154 0.125 0.021634615384615384 0.036057692307692304
266 0.02283653846153846 0.16346153846153846 0.03365384615384615 0.0625
266 0.025240384615384616 0.22115384615384615 0.02403846153846154 0.05048076923076923
266 0.36899038461538464 0.030048076923076924 0.026442307692307692 0.04567307692307692
266 0.5120192307692307 0.03125 0.016826923076923076 0.036057692307692304
272 0.2824519230769231 0.6346153846153846 0.04326923076923077 0.07932692307692307
272 0.8786057692307693 0.46033653846153844 0.021634615384615384 0.04567307692307692
272 0.01201923076923077 0.4699519230769231 0.02403846153846154 0.06009615384615385