263 0.5192307692307693 0.10336538461538461 0.038461538461538464 0.07211538461538461
263 0.7668269230769231 0.14903846153846154 0.03365384615384615 0.0625
275 0.48677884615384615 0.21634615384615385 0.040865384615384616 0.07451923076923077
275 0.7427884615384616 0.2536057692307692 0.036057692307692304 0.06490384615384616
264 0.5516826923076923 0.2283653846153846 0.038461538461538464 0.07451923076923077
264 0.7932692307692307 0.25961538461538464 0.03365384615384615 0.06009615384615385
9 0.49158653846153844 0.8269230769230769 0.040865384615384616 0.07451923076923077
152 0.49038461538461536 0.9098557692307693 0.038461538461538464 0.07451923076923077
16 0.5516826923076923 0.33653846153846156 0.036057692307692304 0.07451923076923077
99 0.4891826923076923 0.4110576923076923 0.04326923076923077 0.06971153846153846
11 0.5504807692307693 0.41586538461538464 0.038461538461538464 0.07211538461538461
85 0.4891826923076923 0.49399038461538464 0.04326923076923077 0.0673076923076923
10 0.5516826923076923 0.49399038461538464 0.040865384615384616 0.0673076923076923
72 0.4891826923076923 0.5757211538461539 0.04326923076923077 0.06971153846153846
113 0.5516826923076923 0.5745192307692307 0.040865384615384616 0.0673076923076923
53 0.4891826923076923 0.6598557692307693 0.04326923076923077 0.07211538461538461
111 0.5528846153846154 0.6538461538461539 0.040865384615384616 0.0673076923076923
35 0.4891826923076923 0.7427884615384616 0.04326923076923077 0.07451923076923077
110 0.5528846153846154 0.7355769230769231 0.04326923076923077 0.06971153846153846
365 0.7439903846153846 0.35096153846153844 0.03365384615384615 0.06009615384615385
365 0.7427884615384616 0.42427884615384615 0.036057692307692304 0.06490384615384616
365 0.7932692307692307 0.4254807692307692 0.03365384615384615 0.06009615384615385
365 0.7439903846153846 0.4963942307692308 0.03125 0.0625
365 0.7932692307692307 0.49759615384615385 0.03365384615384615 0.0625
365 0.7439903846153846 0.5685096153846154 0.03365384615384615 0.0625
365 0.7944711538461539 0.5673076923076923 0.036057692307692304 0.0625
365 0.7451923076923077 0.6430288461538461 0.036057692307692304 0.0625
365 0.7944711538461539 0.6394230769230769 0.03365384615384615 0.057692307692307696
365 0.7463942307692307 0.7163461538461539 0.03365384615384615 0.0625
365 0.7956730769230769 0.7091346153846154 0.028846153846153848 0.0625
365 0.796875 0.78125 0.028846153846153848 0.057692307692307696
365 0.7980769230769231 0.8533653846153846 0.03125 0.06490384615384616