263 0.5576923076923077 0.038461538461538464 0.04326923076923077 0.0673076923076923
275 0.5588942307692307 0.19110576923076922 0.04326923076923077 0.06971153846153846
264 0.6322115384615384 0.18870192307692307 0.036057692307692304 0.0673076923076923
72 0.5600961538461539 0.3918269230769231 0.03365384615384615 0.0625
232 0.6346153846153846 0.3088942307692308 0.04326923076923077 0.07451923076923077
111 0.6346153846153846 0.3894230769230769 0.038461538461538464 0.06490384615384616
110 0.6358173076923077 0.46634615384615385 0.036057692307692304 0.0673076923076923
35 0.5612980769230769 0.5516826923076923 0.036057692307692304 0.0673076923076923
9 0.5637019230769231 0.6310096153846154 0.036057692307692304 0.06490384615384616
99 0.6370192307692307 0.6274038461538461 0.036057692307692304 0.06490384615384616
120 0.5649038461538461 0.7115384615384616 0.038461538461538464 0.0673076923076923
122 0.5661057692307693 0.8689903846153846 0.038461538461538464 0.06490384615384616
266 0.5612980769230769 0.4723557692307692 0.038461538461538464 0.06490384615384616
266 0.6346153846153846 0.5480769230769231 0.036057692307692304 0.06490384615384616
266 0.6382211538461539 0.7055288461538461 0.036057692307692304 0.06490384615384616
266 0.5661057692307693 0.7896634615384616 0.036057692307692304 0.0673076923076923