35 0.39903846153846156 0.078125 0.09134615384615384 0.13701923076923078
9 0.40024038461538464 0.21394230769230768 0.08653846153846154 0.1201923076923077
111 0.5697115384615384 0.22235576923076922 0.09375 0.11778846153846154
253 0.40384615384615385 0.33533653846153844 0.08413461538461539 0.10096153846153846
99 0.5625 0.33533653846153844 0.08413461538461539 0.10576923076923077
154 0.40384615384615385 0.4387019230769231 0.07932692307692307 0.09375
85 0.5552884615384616 0.4411057692307692 0.07932692307692307 0.09615384615384616
153 0.40625 0.5348557692307693 0.07451923076923077 0.08173076923076923
241 0.4098557692307692 0.6201923076923077 0.06971153846153846 0.07692307692307693
72 0.5504807692307693 0.5396634615384616 0.06971153846153846 0.08653846153846154
53 0.5444711538461539 0.6201923076923077 0.06971153846153846 0.08653846153846154