272 0.5348557692307693 0.20552884615384615 0.10576923076923077 0.19951923076923078
119 0.234375 0.453125 0.11057692307692307 0.18269230769230768
275 0.25 0.6658653846153846 0.10576923076923077 0.16826923076923078
259 0.2668269230769231 0.8641826923076923 0.10096153846153846 0.17067307692307693
152 0.6394230769230769 0.4411057692307692 0.10576923076923077 0.18509615384615385
264 0.6346153846153846 0.6598557692307693 0.10096153846153846 0.17067307692307693
289 0.6322115384615384 0.8581730769230769 0.09375 0.15865384615384615
119 0.33533653846153844 0.4567307692307692 0.09134615384615384 0.1658653846153846
152 0.7439903846153846 0.44471153846153844 0.0985576923076923 0.18990384615384615
260 0.3473557692307692 0.6706730769230769 0.09134615384615384 0.16826923076923078
260 0.7295673076923077 0.6610576923076923 0.09615384615384616 0.16826923076923078
260 0.35697115384615385 0.8557692307692307 0.0889423076923077 0.15144230769230768
363 0.7283653846153846 0.8810096153846154 0.09375 0.17548076923076922