273 0.4987980769230769 0.2932692307692308 0.47836538461538464 0.35096153846153844
273 0.7139423076923077 0.07451923076923077 0.06009615384615385 0.11538461538461539
9 0.36658653846153844 0.5492788461538461 0.052884615384615384 0.08653846153846154
35 0.42427884615384615 0.5456730769230769 0.04807692307692308 0.08653846153846154
188 0.4807692307692308 0.5384615384615384 0.05048076923076923 0.08413461538461539
53 0.5348557692307693 0.5360576923076923 0.04807692307692308 0.08413461538461539
72 0.5901442307692307 0.53125 0.04807692307692308 0.08173076923076923
85 0.6430288461538461 0.5252403846153846 0.05048076923076923 0.0889423076923077
259 0.3870192307692308 0.8822115384615384 0.07211538461538461 0.11538461538461539
275 0.5420673076923077 0.8617788461538461 0.04326923076923077 0.07211538461538461
264 0.6177884615384616 0.8533653846153846 0.04326923076923077 0.07451923076923077