263 0.19230769230769232 0.23557692307692307 0.06971153846153846 0.10817307692307693
273 0.7439903846153846 0.20673076923076922 0.21875 0.17548076923076922
72 0.2247596153846154 0.5588942307692307 0.057692307692307696 0.09134615384615384
85 0.3076923076923077 0.5564903846153846 0.057692307692307696 0.09134615384615384
99 0.38822115384615385 0.5504807692307693 0.057692307692307696 0.09375
110 0.47115384615384615 0.5456730769230769 0.052884615384615384 0.0985576923076923
111 0.5516826923076923 0.5444711538461539 0.057692307692307696 0.09615384615384616
122 0.23798076923076922 0.7055288461538461 0.057692307692307696 0.0889423076923077
120 0.3173076923076923 0.7007211538461539 0.055288461538461536 0.09375
9 0.39663461538461536 0.6995192307692307 0.055288461538461536 0.09134615384615384
35 0.4735576923076923 0.6935096153846154 0.055288461538461536 0.0889423076923077
53 0.5516826923076923 0.6923076923076923 0.057692307692307696 0.0889423076923077
275 0.6850961538461539 0.6850961538461539 0.05048076923076923 0.0889423076923077
264 0.7836538461538461 0.6850961538461539 0.055288461538461536 0.09134615384615384
131 0.7932692307692307 0.5336538461538461 0.06490384615384616 0.12740384615384615