266 0.3112980769230769 0.109375 0.0673076923076923 0.12740384615384615
266 0.32211538461538464 0.2704326923076923 0.0625 0.11778846153846154
266 0.328125 0.4182692307692308 0.06009615384615385 0.09375
266 0.33653846153846156 0.546875 0.055288461538461536 0.0889423076923077
266 0.34134615384615385 0.6622596153846154 0.055288461538461536 0.08173076923076923
291 0.34975961538461536 0.8100961538461539 0.04807692307692308 0.07451923076923077
266 0.49759615384615385 0.11298076923076923 0.0625 0.11778846153846154
266 0.4951923076923077 0.27524038461538464 0.06009615384615385 0.10576923076923077
266 0.49278846153846156 0.41586538461538464 0.055288461538461536 0.09375
266 0.49038461538461536 0.5432692307692307 0.055288461538461536 0.08653846153846154
266 0.4879807692307692 0.6586538461538461 0.052884615384615384 0.07932692307692307
266 0.6658653846153846 0.27283653846153844 0.06009615384615385 0.10096153846153846
266 0.6538461538461539 0.41346153846153844 0.057692307692307696 0.09615384615384616
266 0.6430288461538461 0.5408653846153846 0.055288461538461536 0.08173076923076923
266 0.6322115384615384 0.6538461538461539 0.05048076923076923 0.08173076923076923
266 0.6790865384615384 0.11658653846153846 0.0625 0.11538461538461539
266 0.8521634615384616 0.11658653846153846 0.0673076923076923 0.11778846153846154
266 0.8305288461538461 0.27524038461538464 0.0625 0.10096153846153846
266 0.8064903846153846 0.41346153846153844 0.0625 0.09134615384615384
266 0.7896634615384616 0.5408653846153846 0.055288461538461536 0.08653846153846154
266 0.7728365384615384 0.6502403846153846 0.055288461538461536 0.07692307692307693
291 0.4855769230769231 0.8040865384615384 0.04807692307692308 0.06971153846153846
291 0.6201923076923077 0.7956730769230769 0.04807692307692308 0.07451923076923077
291 0.7512019230769231 0.7920673076923077 0.04567307692307692 0.07211538461538461
39 0.2247596153846154 0.10576923076923077 0.07932692307692307 0.1346153846153846
28 0.24158653846153846 0.27403846153846156 0.07211538461538461 0.1201923076923077
23 0.25240384615384615 0.41346153846153844 0.06971153846153846 0.10096153846153846
10 0.2644230769230769 0.5444711538461539 0.0625 0.09615384615384616
277 0.27403846153846156 0.6610576923076923 0.057692307692307696 0.08653846153846154
275 0.28725961538461536 0.8076923076923077 0.052884615384615384 0.07451923076923077
41 0.41346153846153844 0.10817307692307693 0.07211538461538461 0.125
36 0.41586538461538464 0.2692307692307692 0.06971153846153846 0.10817307692307693
24 0.41947115384615385 0.41346153846153844 0.06490384615384616 0.0985576923076923
11 0.42427884615384615 0.5420673076923077 0.06009615384615385 0.09134615384615384
72 0.4230769230769231 0.6574519230769231 0.057692307692307696 0.08653846153846154
263 0.42427884615384615 0.8028846153846154 0.052884615384615384 0.07451923076923077
259 0.5576923076923077 0.7956730769230769 0.05048076923076923 0.07211538461538461
42 0.5961538461538461 0.11057692307692307 0.06971153846153846 0.13221153846153846
43 0.7692307692307693 0.11057692307692307 0.06971153846153846 0.11778846153846154
37 0.5865384615384616 0.2704326923076923 0.06971153846153846 0.11538461538461539
25 0.5793269230769231 0.4098557692307692 0.06490384615384616 0.10576923076923077
16 0.5733173076923077 0.5348557692307693 0.055288461538461536 0.09134615384615384
38 0.7524038461538461 0.27283653846153844 0.06490384615384616 0.11778846153846154
26 0.7379807692307693 0.4110576923076923 0.0625 0.10336538461538461
22 0.7211538461538461 0.5360576923076923 0.057692307692307696 0.0889423076923077
99 0.5673076923076923 0.6526442307692307 0.055288461538461536 0.08413461538461539
110 0.7079326923076923 0.6454326923076923 0.055288461538461536 0.08173076923076923
264 0.6923076923076923 0.7920673076923077 0.055288461538461536 0.07692307692307693