53 0.5048076923076923 0.16706730769230768 0.06490384615384616 0.125
9 0.5060096153846154 0.30649038461538464 0.06009615384615385 0.11538461538461539
35 0.6358173076923077 0.33774038461538464 0.06971153846153846 0.125
152 0.5048076923076923 0.4387019230769231 0.057692307692307696 0.11538461538461539
187 0.6298076923076923 0.4735576923076923 0.06490384615384616 0.11538461538461539
260 0.5060096153846154 0.5588942307692307 0.06009615384615385 0.11538461538461539
260 0.6225961538461539 0.5973557692307693 0.0625 0.11298076923076923
260 0.5036057692307693 0.6682692307692307 0.057692307692307696 0.10096153846153846
260 0.6189903846153846 0.7139423076923077 0.06009615384615385 0.11057692307692307
35 0.453125 0.8689903846153846 0.04807692307692308 0.09615384615384616
264 0.6622596153846154 0.9639423076923077 0.0625 0.06971153846153846
260 0.5540865384615384 0.9266826923076923 0.055288461538461536 0.07932692307692307