111 0.5853365384615384 0.35336538461538464 0.04807692307692308 0.06009615384615385
110 0.5829326923076923 0.41466346153846156 0.04326923076923077 0.055288461538461536
99 0.5805288461538461 0.4723557692307692 0.04326923076923077 0.057692307692307696
85 0.5805288461538461 0.5324519230769231 0.04326923076923077 0.06009615384615385
72 0.5793269230769231 0.5901442307692307 0.040865384615384616 0.052884615384615384
53 0.578125 0.6442307692307693 0.04326923076923077 0.06009615384615385
35 0.5769230769230769 0.7019230769230769 0.04326923076923077 0.055288461538461536
9 0.5757211538461539 0.7596153846153846 0.04326923076923077 0.06009615384615385
152 0.5733173076923077 0.8185096153846154 0.038461538461538464 0.055288461538461536
275 0.5733173076923077 0.8713942307692307 0.04326923076923077 0.06009615384615385
264 0.7644230769230769 0.8473557692307693 0.038461538461538464 0.057692307692307696
276 0.6502403846153846 0.7536057692307693 0.04326923076923077 0.0625
266 0.625 0.3581730769230769 0.036057692307692304 0.05048076923076923
266 0.6237980769230769 0.4206730769230769 0.038461538461538464 0.05048076923076923
266 0.6225961538461539 0.47836538461538464 0.03365384615384615 0.052884615384615384
266 0.6213942307692307 0.5348557692307693 0.03365384615384615 0.05048076923076923
266 0.6213942307692307 0.5925480769230769 0.03365384615384615 0.052884615384615384
266 0.6189903846153846 0.6490384615384616 0.036057692307692304 0.04807692307692308
266 0.6177884615384616 0.7043269230769231 0.038461538461538464 0.052884615384615384
266 0.6141826923076923 0.7596153846153846 0.03365384615384615 0.052884615384615384
266 0.6129807692307693 0.8161057692307693 0.036057692307692304 0.055288461538461536
266 0.6129807692307693 0.8713942307692307 0.03365384615384615 0.05048076923076923
266 0.7307692307692307 0.859375 0.038461538461538464 0.055288461538461536
289 0.7944711538461539 0.04807692307692308 0.04807692307692308 0.06490384615384616
259 0.5925480769230769 0.03125 0.04807692307692308 0.0625
323 0.6370192307692307 0.03125 0.04326923076923077 0.0625
272 0.6947115384615384 0.037259615384615384 0.040865384615384616 0.0625
323 0.6682692307692307 0.9663461538461539 0.04326923076923077 0.06490384615384616
272 0.7572115384615384 0.040865384615384616 0.040865384615384616 0.0625
272 0.6887019230769231 0.24158653846153846 0.038461538461538464 0.06009615384615385