24 0.453125 0.15865384615384615 0.07451923076923077 0.0673076923076923
25 0.5348557692307693 0.15144230769230768 0.07211538461538461 0.0673076923076923
22 0.45552884615384615 0.2283653846153846 0.06971153846153846 0.0673076923076923
23 0.5384615384615384 0.22115384615384615 0.06971153846153846 0.0673076923076923
16 0.4579326923076923 0.29927884615384615 0.07211538461538461 0.06490384615384616
20 0.5384615384615384 0.2920673076923077 0.06971153846153846 0.06009615384615385
10 0.46033653846153844 0.36778846153846156 0.06971153846153846 0.06490384615384616
11 0.5408653846153846 0.3581730769230769 0.06971153846153846 0.06490384615384616
11 0.46274038461538464 0.4326923076923077 0.06971153846153846 0.06490384615384616
113 0.5432692307692307 0.42427884615384615 0.0673076923076923 0.0625
99 0.4651442307692308 0.5024038461538461 0.07211538461538461 0.0625
110 0.5444711538461539 0.49038461538461536 0.06490384615384616 0.057692307692307696
85 0.4675480769230769 0.5661057692307693 0.06971153846153846 0.0625
72 0.46875 0.6322115384615384 0.06971153846153846 0.06009615384615385
187 0.4723557692307692 0.6959134615384616 0.0673076923076923 0.06009615384615385
283 0.4735576923076923 0.7620192307692307 0.0673076923076923 0.06009615384615385
275 0.47836538461538464 0.8473557692307693 0.0673076923076923 0.0625
264 0.5564903846153846 0.8377403846153846 0.06490384615384616 0.06009615384615385
259 0.4795673076923077 0.9362980769230769 0.0673076923076923 0.06009615384615385
289 0.5588942307692307 0.9230769230769231 0.06490384615384616 0.057692307692307696
365 0.8257211538461539 0.12980769230769232 0.055288461538461536 0.06490384615384616
365 0.8822115384615384 0.1310096153846154 0.04807692307692308 0.06009615384615385
365 0.8257211538461539 0.19471153846153846 0.052884615384615384 0.06490384615384616
365 0.8834134615384616 0.1935096153846154 0.04807692307692308 0.055288461538461536
365 0.8269230769230769 0.25721153846153844 0.052884615384615384 0.057692307692307696
365 0.8834134615384616 0.25240384615384615 0.04807692307692308 0.057692307692307696
365 0.8269230769230769 0.31971153846153844 0.052884615384615384 0.06009615384615385
365 0.8834134615384616 0.3161057692307692 0.04567307692307692 0.057692307692307696
365 0.8257211538461539 0.38461538461538464 0.052884615384615384 0.0625
365 0.8834134615384616 0.37259615384615385 0.04807692307692308 0.05048076923076923
365 0.8257211538461539 0.4495192307692308 0.05048076923076923 0.06009615384615385
365 0.8834134615384616 0.4326923076923077 0.04807692307692308 0.052884615384615384
365 0.8846153846153846 0.49278846153846156 0.04807692307692308 0.052884615384615384
365 0.8858173076923077 0.5504807692307693 0.05048076923076923 0.052884615384615384
187 0.8834134615384616 0.6081730769230769 0.04567307692307692 0.05048076923076923
365 0.8834134615384616 0.6682692307692307 0.04567307692307692 0.052884615384615384
264 0.8293269230769231 0.7668269230769231 0.05048076923076923 0.057692307692307696
275 0.8834134615384616 0.7463942307692307 0.04567307692307692 0.06009615384615385
289 0.8329326923076923 0.8389423076923077 0.04807692307692308 0.057692307692307696
259 0.8858173076923077 0.8197115384615384 0.04567307692307692 0.055288461538461536