9 0.2932692307692308 0.4362980769230769 0.11057692307692307 0.13942307692307693
9 0.4074519230769231 0.45552884615384615 0.10336538461538461 0.13942307692307693
152 0.5228365384615384 0.4675480769230769 0.10096153846153846 0.15384615384615385
152 0.6225961538461539 0.48197115384615385 0.10576923076923077 0.125
275 0.3245192307692308 0.6165865384615384 0.0985576923076923 0.1201923076923077
275 0.546875 0.6358173076923077 0.09375 0.11298076923076923
275 0.29447115384615385 0.8617788461538461 0.08413461538461539 0.0985576923076923
275 0.4951923076923077 0.8677884615384616 0.08413461538461539 0.09615384615384616
264 0.30649038461538464 0.7427884615384616 0.09134615384615384 0.10576923076923077
264 0.41586538461538464 0.7475961538461539 0.09375 0.10096153846153846
264 0.5192307692307693 0.7560096153846154 0.08173076923076923 0.10336538461538461
260 0.43509615384615385 0.6237980769230769 0.09375 0.11538461538461539