298 0.5240384615384616 0.28846153846153844 0.18269230769230768 0.06971153846153846
110 0.49759615384615385 0.3942307692307692 0.15384615384615385 0.06490384615384616
99 0.4831730769230769 0.49158653846153844 0.14903846153846154 0.06490384615384616
85 0.46033653846153844 0.5733173076923077 0.15384615384615385 0.06490384615384616
72 0.43149038461538464 0.6490384615384616 0.13221153846153846 0.052884615384615384
53 0.41947115384615385 0.7199519230769231 0.1346153846153846 0.057692307692307696
35 0.39903846153846156 0.7800480769230769 0.125 0.052884615384615384
9 0.38461538461538464 0.8365384615384616 0.11298076923076923 0.05048076923076923
8 0.3762019230769231 0.8858173076923077 0.10576923076923077 0.04326923076923077
323 0.36658653846153844 0.9314903846153846 0.0985576923076923 0.04807692307692308
290 0.5721153846153846 0.13221153846153846 0.18269230769230768 0.07211538461538461