323 0.2439903846153846 0.09735576923076923 0.0625 0.057692307692307696
323 0.35697115384615385 0.09014423076923077 0.06490384615384616 0.057692307692307696
323 0.46875 0.08413461538461539 0.0673076923076923 0.06009615384615385
323 0.5841346153846154 0.0733173076923077 0.08173076923076923 0.0625
25 0.5661057692307693 0.33533653846153844 0.08173076923076923 0.06009615384615385
24 0.2956730769230769 0.3449519230769231 0.08413461538461539 0.0625
23 0.5733173076923077 0.4074519230769231 0.08413461538461539 0.0673076923076923
22 0.3004807692307692 0.421875 0.08173076923076923 0.0625
16 0.5793269230769231 0.4879807692307692 0.07932692307692307 0.0625
11 0.30649038461538464 0.4987980769230769 0.08173076923076923 0.0625
10 0.5853365384615384 0.5612980769230769 0.08413461538461539 0.06009615384615385
113 0.31009615384615385 0.5721153846153846 0.08413461538461539 0.0625
111 0.5865384615384616 0.6370192307692307 0.08173076923076923 0.06009615384615385
110 0.3173076923076923 0.6454326923076923 0.08173076923076923 0.0625
99 0.5901442307692307 0.7091346153846154 0.08173076923076923 0.06009615384615385
85 0.32572115384615385 0.7175480769230769 0.08413461538461539 0.06009615384615385
72 0.59375 0.7800480769230769 0.08413461538461539 0.057692307692307696
53 0.3293269230769231 0.7896634615384616 0.0889423076923077 0.057692307692307696
35 0.5973557692307693 0.8509615384615384 0.08173076923076923 0.06490384615384616
152 0.3401442307692308 0.8569711538461539 0.07932692307692307 0.057692307692307696