123 0.43990384615384615 0.8185096153846154 0.055288461538461536 0.055288461538461536
122 0.4375 0.7668269230769231 0.055288461538461536 0.055288461538461536
121 0.43509615384615385 0.7103365384615384 0.055288461538461536 0.055288461538461536
120 0.43149038461538464 0.6538461538461539 0.055288461538461536 0.055288461538461536
9 0.4254807692307692 0.5997596153846154 0.055288461538461536 0.055288461538461536
35 0.4230769230769231 0.5420673076923077 0.055288461538461536 0.055288461538461536
53 0.41947115384615385 0.4879807692307692 0.057692307692307696 0.057692307692307696
72 0.41586538461538464 0.42788461538461536 0.055288461538461536 0.055288461538461536
85 0.41225961538461536 0.36538461538461536 0.057692307692307696 0.055288461538461536
99 0.4098557692307692 0.30528846153846156 0.06009615384615385 0.055288461538461536
110 0.40625 0.2403846153846154 0.06009615384615385 0.057692307692307696
111 0.4026442307692308 0.17668269230769232 0.06009615384615385 0.06009615384615385
113 0.39903846153846156 0.11057692307692307 0.06009615384615385 0.06009615384615385
38 0.47596153846153844 0.1045673076923077 0.06009615384615385 0.057692307692307696
37 0.47836538461538464 0.16826923076923078 0.06009615384615385 0.06009615384615385
36 0.48197115384615385 0.23557692307692307 0.06009615384615385 0.057692307692307696
28 0.484375 0.2956730769230769 0.06009615384615385 0.057692307692307696
26 0.4879807692307692 0.35697115384615385 0.06009615384615385 0.057692307692307696
25 0.4879807692307692 0.41586538461538464 0.06009615384615385 0.055288461538461536
24 0.4891826923076923 0.4735576923076923 0.055288461538461536 0.052884615384615384
23 0.49399038461538464 0.5324519230769231 0.055288461538461536 0.055288461538461536
18 0.4963942307692308 0.5889423076923077 0.055288461538461536 0.057692307692307696
17 0.4987980769230769 0.6442307692307693 0.052884615384615384 0.05048076923076923
16 0.5036057692307693 0.6983173076923077 0.05048076923076923 0.05048076923076923
11 0.5048076923076923 0.7524038461538461 0.052884615384615384 0.05048076923076923
10 0.5072115384615384 0.8040865384615384 0.052884615384615384 0.05048076923076923
39 0.5757211538461539 0.7896634615384616 0.052884615384615384 0.05048076923076923
41 0.5721153846153846 0.7379807692307693 0.05048076923076923 0.05048076923076923
42 0.5721153846153846 0.6838942307692307 0.05048076923076923 0.05048076923076923
43 0.5697115384615384 0.6286057692307693 0.052884615384615384 0.05048076923076923
44 0.5673076923076923 0.5745192307692307 0.052884615384615384 0.05048076923076923
46 0.5661057692307693 0.5192307692307693 0.055288461538461536 0.055288461538461536
47 0.5625 0.4651442307692308 0.055288461538461536 0.055288461538461536
54 0.5612980769230769 0.4026442307692308 0.055288461538461536 0.052884615384615384
55 0.5588942307692307 0.3449519230769231 0.055288461538461536 0.052884615384615384
56 0.5576923076923077 0.28725961538461536 0.057692307692307696 0.055288461538461536
57 0.5552884615384616 0.2247596153846154 0.055288461538461536 0.055288461538461536
59 0.5552884615384616 0.15985576923076922 0.055288461538461536 0.052884615384615384
60 0.5516826923076923 0.09375 0.055288461538461536 0.06009615384615385