259 0.5372596153846154 0.5685096153846154 0.03365384615384615 0.03365384615384615
275 0.5372596153846154 0.6225961538461539 0.03365384615384615 0.03365384615384615
264 0.5709134615384616 0.6237980769230769 0.03365384615384615 0.03365384615384615
264 0.8377403846153846 0.6189903846153846 0.03365384615384615 0.03365384615384615
275 0.8713942307692307 0.6177884615384616 0.03365384615384615 0.03365384615384615
365 0.8545673076923077 0.18870192307692307 0.03365384615384615 0.03125
365 0.8882211538461539 0.18870192307692307 0.03125 0.03125
365 0.8858173076923077 0.21754807692307693 0.03365384615384615 0.03125
365 0.8533653846153846 0.21754807692307693 0.03365384615384615 0.03125
365 0.8533653846153846 0.24879807692307693 0.03365384615384615 0.03365384615384615
365 0.8509615384615384 0.27884615384615385 0.03365384615384615 0.028846153846153848
365 0.8497596153846154 0.3076923076923077 0.03365384615384615 0.028846153846153848
365 0.8485576923076923 0.33653846153846156 0.03365384615384615 0.028846153846153848
365 0.8473557692307693 0.3641826923076923 0.03365384615384615 0.028846153846153848
365 0.8461538461538461 0.3918269230769231 0.03365384615384615 0.028846153846153848
365 0.8449519230769231 0.4206730769230769 0.03365384615384615 0.028846153846153848
365 0.8786057692307693 0.421875 0.03365384615384615 0.03125
365 0.8798076923076923 0.3942307692307692 0.03365384615384615 0.028846153846153848
365 0.8810096153846154 0.36658653846153844 0.03365384615384615 0.028846153846153848
365 0.8810096153846154 0.33653846153846156 0.03365384615384615 0.028846153846153848
365 0.8822115384615384 0.30649038461538464 0.03365384615384615 0.028846153846153848
365 0.8846153846153846 0.27884615384615385 0.03365384615384615 0.03125
365 0.8858173076923077 0.24759615384615385 0.03365384615384615 0.03125
365 0.8449519230769231 0.4495192307692308 0.03365384615384615 0.028846153846153848
365 0.84375 0.47716346153846156 0.03365384615384615 0.026442307692307692
365 0.8425480769230769 0.5048076923076923 0.03365384615384615 0.028846153846153848
26 0.8413461538461539 0.5348557692307693 0.03365384615384615 0.028846153846153848
365 0.8725961538461539 0.5336538461538461 0.03365384615384615 0.028846153846153848
9 0.8737980769230769 0.5072115384615384 0.03365384615384615 0.028846153846153848
365 0.875 0.4795673076923077 0.03365384615384615 0.028846153846153848
365 0.8762019230769231 0.45072115384615385 0.03365384615384615 0.03125
44 0.5396634615384616 0.19230769230769232 0.03365384615384615 0.03125
42 0.5396634615384616 0.22235576923076922 0.03365384615384615 0.03365384615384615
39 0.5396634615384616 0.2536057692307692 0.03365384615384615 0.03365384615384615
37 0.5396634615384616 0.2824519230769231 0.03365384615384615 0.028846153846153848
28 0.5384615384615384 0.3112980769230769 0.03365384615384615 0.03365384615384615
25 0.5384615384615384 0.3425480769230769 0.03365384615384615 0.03365384615384615
23 0.5384615384615384 0.3713942307692308 0.03365384615384615 0.03365384615384615
16 0.5384615384615384 0.4014423076923077 0.03365384615384615 0.03365384615384615
10 0.5384615384615384 0.43028846153846156 0.03365384615384615 0.03365384615384615
110 0.5396634615384616 0.45913461538461536 0.036057692307692304 0.028846153846153848
72 0.5396634615384616 0.48677884615384615 0.036057692307692304 0.03125
9 0.5396634615384616 0.5120192307692307 0.036057692307692304 0.028846153846153848
122 0.5396634615384616 0.5408653846153846 0.036057692307692304 0.028846153846153848
46 0.5733173076923077 0.19110576923076922 0.03365384615384615 0.03125
43 0.5733173076923077 0.22235576923076922 0.03365384615384615 0.03365384615384615
41 0.5733173076923077 0.25240384615384615 0.03365384615384615 0.03125
38 0.5733173076923077 0.2824519230769231 0.03365384615384615 0.028846153846153848
36 0.5733173076923077 0.3112980769230769 0.03365384615384615 0.028846153846153848
26 0.5733173076923077 0.34134615384615385 0.03365384615384615 0.03125
24 0.5721153846153846 0.3713942307692308 0.03365384615384615 0.028846153846153848
22 0.5721153846153846 0.40024038461538464 0.03365384615384615 0.028846153846153848
11 0.5721153846153846 0.42908653846153844 0.03365384615384615 0.028846153846153848
113 0.5721153846153846 0.4579326923076923 0.03365384615384615 0.028846153846153848
85 0.5721153846153846 0.48677884615384615 0.03125 0.03125
53 0.5721153846153846 0.5132211538461539 0.03125 0.03125
120 0.5721153846153846 0.5408653846153846 0.03125 0.028846153846153848
272 0.5745192307692307 0.019230769230769232 0.028846153846153848 0.038461538461538464
259 0.8701923076923077 0.5612980769230769 0.03365384615384615 0.03365384615384615