272 0.5096153846153846 0.12980769230769232 0.026442307692307692 0.026442307692307692
9 0.5685096153846154 0.6322115384615384 0.021634615384615384 0.02403846153846154
35 0.47836538461538464 0.6490384615384616 0.02403846153846154 0.028846153846153848
53 0.5697115384615384 0.6778846153846154 0.021634615384615384 0.026442307692307692
72 0.5264423076923077 0.6862980769230769 0.02403846153846154 0.028846153846153848
85 0.4807692307692308 0.6947115384615384 0.026442307692307692 0.028846153846153848
99 0.5709134615384616 0.71875 0.02403846153846154 0.026442307692307692
110 0.5276442307692307 0.7307692307692307 0.02403846153846154 0.03125
111 0.4807692307692308 0.7403846153846154 0.026442307692307692 0.028846153846153848
113 0.5721153846153846 0.7632211538461539 0.019230769230769232 0.026442307692307692
10 0.5288461538461539 0.7752403846153846 0.02403846153846154 0.03125
11 0.48197115384615385 0.7860576923076923 0.026442307692307692 0.03125
16 0.5733173076923077 0.8064903846153846 0.019230769230769232 0.026442307692307692
20 0.53125 0.8185096153846154 0.02403846153846154 0.028846153846153848
22 0.484375 0.8317307692307693 0.026442307692307692 0.03125
259 0.5757211538461539 0.8497596153846154 0.02403846153846154 0.026442307692307692
253 0.53125 0.8617788461538461 0.02403846153846154 0.026442307692307692
177 0.4879807692307692 0.8774038461538461 0.021634615384615384 0.03125
264 0.5757211538461539 0.8930288461538461 0.021634615384615384 0.028846153846153848
275 0.4879807692307692 0.921875 0.026442307692307692 0.028846153846153848
276 0.46274038461538464 0.8834134615384616 0.026442307692307692 0.03125