266 0.4651442307692308 0.6814903846153846 0.052884615384615384 0.09134615384615384
266 0.46274038461538464 0.7836538461538461 0.05048076923076923 0.08413461538461539
266 0.46153846153846156 0.8810096153846154 0.05048076923076923 0.08173076923076923
266 0.5276442307692307 0.8810096153846154 0.04807692307692308 0.07932692307692307
266 0.45913461538461536 0.9663461538461539 0.04807692307692308 0.06490384615384616
266 0.5240384615384616 0.9663461538461539 0.04807692307692308 0.06490384615384616
39 0.47596153846153844 0.09254807692307693 0.055288461538461536 0.11057692307692307
41 0.5576923076923077 0.09975961538461539 0.052884615384615384 0.10817307692307693
38 0.5516826923076923 0.23076923076923078 0.052884615384615384 0.0985576923076923
37 0.47475961538461536 0.2247596153846154 0.055288461538461536 0.10576923076923077
28 0.47115384615384615 0.3485576923076923 0.052884615384615384 0.0985576923076923
36 0.5480769230769231 0.35096153846153844 0.055288461538461536 0.0985576923076923
26 0.5420673076923077 0.4675480769230769 0.052884615384615384 0.09134615384615384
25 0.4699519230769231 0.46634615384615385 0.052884615384615384 0.09375
23 0.4675480769230769 0.5769230769230769 0.05048076923076923 0.09134615384615384
24 0.5384615384615384 0.5793269230769231 0.05048076923076923 0.09134615384615384
22 0.5348557692307693 0.6826923076923077 0.05048076923076923 0.08653846153846154
11 0.53125 0.7860576923076923 0.05048076923076923 0.08413461538461539