290 0.47115384615384615 0.22235576923076922 0.021634615384615384 0.06009615384615385
354 0.5240384615384616 0.3401442307692308 0.028846153846153848 0.055288461538461536
320 0.4735576923076923 0.3401442307692308 0.028846153846153848 0.055288461538461536
331 0.5745192307692307 0.3389423076923077 0.028846153846153848 0.052884615384615384
85 0.5252403846153846 0.44471153846153844 0.026442307692307692 0.05048076923076923
351 0.5264423076923077 0.5024038461538461 0.028846153846153848 0.04807692307692308
53 0.5288461538461539 0.5600961538461539 0.028846153846153848 0.052884615384615384
351 0.5288461538461539 0.6201923076923077 0.03125 0.052884615384615384
9 0.5300480769230769 0.6778846153846154 0.028846153846153848 0.05048076923076923
365 0.7848557692307693 0.3449519230769231 0.028846153846153848 0.052884615384615384
290 0.8605769230769231 0.24759615384615385 0.021634615384615384 0.06009615384615385
365 0.8269230769230769 0.3473557692307692 0.028846153846153848 0.052884615384615384
365 0.8677884615384616 0.35096153846153844 0.028846153846153848 0.052884615384615384
365 0.8293269230769231 0.4411057692307692 0.028846153846153848 0.052884615384615384
365 0.8317307692307693 0.49399038461538464 0.028846153846153848 0.052884615384615384
365 0.8341346153846154 0.5492788461538461 0.028846153846153848 0.052884615384615384
365 0.8365384615384616 0.6021634615384616 0.028846153846153848 0.055288461538461536
365 0.8389423076923077 0.6550480769230769 0.028846153846153848 0.055288461538461536