263 0.40384615384615385 0.19230769230769232 0.0985576923076923 0.07932692307692307
266 0.4326923076923077 0.71875 0.08173076923076923 0.052884615384615384
266 0.5853365384615384 0.71875 0.08413461538461539 0.055288461538461536
9 0.42908653846153844 0.6466346153846154 0.08413461538461539 0.06009615384615385
35 0.5889423076923077 0.6466346153846154 0.0889423076923077 0.057692307692307696
53 0.42427884615384615 0.5709134615384616 0.08413461538461539 0.06009615384615385
72 0.5889423076923077 0.5709134615384616 0.09134615384615384 0.06009615384615385
85 0.41947115384615385 0.48677884615384615 0.09375 0.06971153846153846
99 0.5949519230769231 0.4855769230769231 0.09615384615384616 0.0673076923076923
110 0.41346153846153844 0.39663461538461536 0.09615384615384616 0.07211538461538461
111 0.5949519230769231 0.3954326923076923 0.0985576923076923 0.07211538461538461
113 0.40865384615384615 0.2980769230769231 0.10096153846153846 0.08173076923076923
275 0.4387019230769231 0.84375 0.10096153846153846 0.052884615384615384
264 0.5829326923076923 0.84375 0.08173076923076923 0.052884615384615384