275 0.29927884615384615 0.890625 0.11778846153846154 0.0673076923076923
264 0.44350961538461536 0.8774038461538461 0.11057692307692307 0.06490384615384616
259 0.5853365384615384 0.8653846153846154 0.10576923076923077 0.06490384615384616
9 0.30408653846153844 0.7980769230769231 0.1201923076923077 0.06971153846153846
35 0.4543269230769231 0.7776442307692307 0.11778846153846154 0.06490384615384616
53 0.5985576923076923 0.7644230769230769 0.11057692307692307 0.0673076923076923
72 0.30408653846153844 0.6971153846153846 0.1201923076923077 0.07451923076923077
85 0.46274038461538464 0.6862980769230769 0.1201923076923077 0.07211538461538461
99 0.6117788461538461 0.6742788461538461 0.11298076923076923 0.07451923076923077
110 0.30528846153846156 0.5985576923076923 0.125 0.08173076923076923
111 0.46875 0.5877403846153846 0.1201923076923077 0.07932692307692307
113 0.6237980769230769 0.5769230769230769 0.1201923076923077 0.07932692307692307
10 0.30649038461538464 0.49158653846153844 0.12980769230769232 0.09134615384615384
11 0.47475961538461536 0.484375 0.125 0.08413461538461539
16 0.6370192307692307 0.4723557692307692 0.125 0.08413461538461539
20 0.3161057692307692 0.37740384615384615 0.1346153846153846 0.09134615384615384
22 0.4855769230769231 0.37259615384615385 0.1346153846153846 0.09134615384615384
23 0.6526442307692307 0.3629807692307692 0.13221153846153846 0.09134615384615384
24 0.31490384615384615 0.25600961538461536 0.13701923076923078 0.0985576923076923