273 0.3112980769230769 0.41586538461538464 0.052884615384615384 0.09615384615384616
131 0.3137019230769231 0.5504807692307693 0.03365384615384615 0.057692307692307696
275 0.359375 0.46274038461538464 0.02403846153846154 0.040865384615384616
264 0.3605769230769231 0.5276442307692307 0.02403846153846154 0.038461538461538464
119 0.41466346153846156 0.5216346153846154 0.021634615384615384 0.038461538461538464
152 0.4387019230769231 0.5180288461538461 0.021634615384615384 0.038461538461538464
9 0.46274038461538464 0.5132211538461539 0.021634615384615384 0.036057692307692304
35 0.4855769230769231 0.5084134615384616 0.019230769230769232 0.036057692307692304
53 0.4387019230769231 0.4567307692307692 0.021634615384615384 0.038461538461538464
72 0.46274038461538464 0.453125 0.019230769230769232 0.036057692307692304
85 0.4855769230769231 0.45072115384615385 0.019230769230769232 0.03365384615384615
259 0.46153846153846156 0.38341346153846156 0.021634615384615384 0.038461538461538464
263 0.5060096153846154 0.38100961538461536 0.019230769230769232 0.036057692307692304
260 0.7235576923076923 0.39783653846153844 0.021634615384615384 0.028846153846153848
260 0.7067307692307693 0.3329326923076923 0.019230769230769232 0.026442307692307692
260 0.7451923076923077 0.3329326923076923 0.019230769230769232 0.026442307692307692
260 0.7235576923076923 0.43028846153846156 0.021634615384615384 0.028846153846153848
260 0.7235576923076923 0.46274038461538464 0.021634615384615384 0.028846153846153848
260 0.7235576923076923 0.4963942307692308 0.021634615384615384 0.03125
260 0.7223557692307693 0.5288461538461539 0.021634615384615384 0.03125
260 0.7223557692307693 0.5612980769230769 0.021634615384615384 0.028846153846153848
260 0.7211538461538461 0.5925480769230769 0.021634615384615384 0.028846153846153848