266 0.2536057692307692 0.22235576923076922 0.040865384615384616 0.03365384615384615
20 0.2536057692307692 0.2692307692307692 0.036057692307692304 0.03365384615384615
16 0.2512019230769231 0.3137019230769231 0.038461538461538464 0.03365384615384615
260 0.2512019230769231 0.359375 0.038461538461538464 0.036057692307692304
10 0.2512019230769231 0.4050480769230769 0.036057692307692304 0.03365384615384615
260 0.25 0.45072115384615385 0.036057692307692304 0.036057692307692304
260 0.25 0.4963942307692308 0.040865384615384616 0.036057692307692304
260 0.24879807692307693 0.5420673076923077 0.040865384615384616 0.03365384615384615
260 0.25 0.5877403846153846 0.038461538461538464 0.03365384615384615
260 0.24879807692307693 0.6310096153846154 0.036057692307692304 0.03365384615384615
260 0.2512019230769231 0.6766826923076923 0.036057692307692304 0.03365384615384615
53 0.25 0.7199519230769231 0.040865384615384616 0.028846153846153848
260 0.2512019230769231 0.7644230769230769 0.036057692307692304 0.03365384615384615
152 0.3245192307692308 0.8629807692307693 0.04326923076923077 0.03365384615384615
152 0.25240384615384615 0.8509615384615384 0.038461538461538464 0.028846153846153848
9 0.25240384615384615 0.8076923076923077 0.038461538461538464 0.03365384615384615
9 0.3245192307692308 0.8185096153846154 0.038461538461538464 0.03125
35 0.3245192307692308 0.7752403846153846 0.04326923076923077 0.03365384615384615
53 0.3233173076923077 0.7307692307692307 0.040865384615384616 0.03365384615384615
72 0.3245192307692308 0.6850961538461539 0.040865384615384616 0.038461538461538464
85 0.3233173076923077 0.6382211538461539 0.040865384615384616 0.03365384615384615
99 0.3245192307692308 0.5925480769230769 0.040865384615384616 0.036057692307692304
110 0.3245192307692308 0.5444711538461539 0.04326923076923077 0.03365384615384615
111 0.3233173076923077 0.49759615384615385 0.040865384615384616 0.03365384615384615
113 0.3233173076923077 0.45072115384615385 0.04326923076923077 0.03365384615384615
10 0.3245192307692308 0.40384615384615385 0.04326923076923077 0.03365384615384615
11 0.3245192307692308 0.3557692307692308 0.04567307692307692 0.03365384615384615
16 0.3269230769230769 0.3088942307692308 0.04326923076923077 0.03365384615384615
20 0.3293269230769231 0.2644230769230769 0.040865384615384616 0.03365384615384615
142 0.3293269230769231 0.21634615384615385 0.040865384615384616 0.03365384615384615
259 0.3269230769230769 0.16947115384615385 0.04326923076923077 0.038461538461538464
266 0.25600961538461536 0.17908653846153846 0.038461538461538464 0.03365384615384615
266 0.35697115384615385 0.12259615384615384 0.040865384615384616 0.036057692307692304
266 0.35697115384615385 0.07932692307692307 0.040865384615384616 0.03365384615384615