272 0.5576923076923077 0.49278846153846156 0.03365384615384615 0.02403846153846154
275 0.4254807692307692 0.8076923076923077 0.03125 0.02403846153846154
264 0.5456730769230769 0.8064903846153846 0.028846153846153848 0.02403846153846154
281 0.4254807692307692 0.7644230769230769 0.03125 0.02403846153846154
259 0.5480769230769231 0.765625 0.03125 0.02403846153846154
47 0.4254807692307692 0.7211538461538461 0.03125 0.02403846153846154
54 0.48677884615384615 0.7199519230769231 0.03125 0.02403846153846154
55 0.5480769230769231 0.7211538461538461 0.03125 0.02403846153846154
56 0.4254807692307692 0.6754807692307693 0.03365384615384615 0.02403846153846154
57 0.48677884615384615 0.6754807692307693 0.03125 0.026442307692307692
59 0.5492788461538461 0.6766826923076923 0.03125 0.02403846153846154
60 0.4254807692307692 0.6310096153846154 0.03365384615384615 0.026442307692307692
61 0.4879807692307692 0.6310096153846154 0.03365384615384615 0.026442307692307692
62 0.5492788461538461 0.6310096153846154 0.03125 0.026442307692307692
63 0.4254807692307692 0.5853365384615384 0.03365384615384615 0.02403846153846154