266 0.38461538461538464 0.8701923076923077 0.052884615384615384 0.038461538461538464
152 0.3557692307692308 0.7475961538461539 0.028846153846153848 0.02403846153846154
9 0.3545673076923077 0.7067307692307693 0.028846153846153848 0.02403846153846154
35 0.3545673076923077 0.6658653846153846 0.028846153846153848 0.02403846153846154
53 0.3545673076923077 0.625 0.028846153846153848 0.02403846153846154
72 0.3545673076923077 0.5853365384615384 0.028846153846153848 0.02403846153846154
85 0.3545673076923077 0.5444711538461539 0.028846153846153848 0.02403846153846154
99 0.35336538461538464 0.5024038461538461 0.028846153846153848 0.02403846153846154
110 0.3545673076923077 0.46274038461538464 0.028846153846153848 0.02403846153846154
111 0.3545673076923077 0.421875 0.028846153846153848 0.02403846153846154
113 0.3545673076923077 0.3798076923076923 0.028846153846153848 0.02403846153846154
10 0.3557692307692308 0.3389423076923077 0.028846153846153848 0.02403846153846154
11 0.3545673076923077 0.2980769230769231 0.028846153846153848 0.02403846153846154
16 0.3545673076923077 0.25721153846153844 0.028846153846153848 0.021634615384615384
20 0.3557692307692308 0.21514423076923078 0.028846153846153848 0.026442307692307692
22 0.3557692307692308 0.17427884615384615 0.028846153846153848 0.026442307692307692
23 0.4170673076923077 0.7043269230769231 0.028846153846153848 0.02403846153846154
24 0.41586538461538464 0.6646634615384616 0.028846153846153848 0.02403846153846154
25 0.41586538461538464 0.625 0.028846153846153848 0.02403846153846154
26 0.4170673076923077 0.5853365384615384 0.028846153846153848 0.02403846153846154
28 0.4170673076923077 0.5444711538461539 0.03125 0.02403846153846154
36 0.41586538461538464 0.5036057692307693 0.028846153846153848 0.02403846153846154
37 0.4170673076923077 0.46274038461538464 0.028846153846153848 0.02403846153846154
38 0.4170673076923077 0.4230769230769231 0.028846153846153848 0.02403846153846154
39 0.4170673076923077 0.38100961538461536 0.028846153846153848 0.02403846153846154
41 0.4170673076923077 0.34134615384615385 0.03125 0.02403846153846154
42 0.4170673076923077 0.3004807692307692 0.028846153846153848 0.02403846153846154
43 0.4182692307692308 0.25961538461538464 0.03125 0.02403846153846154
44 0.4182692307692308 0.21875 0.028846153846153848 0.02403846153846154
46 0.4182692307692308 0.1778846153846154 0.028846153846153848 0.02403846153846154