273 0.5528846153846154 0.18509615384615385 0.21634615384615385 0.29086538461538464
263 0.5901442307692307 0.49399038461538464 0.038461538461538464 0.026442307692307692
275 0.4951923076923077 0.78125 0.04326923076923077 0.02403846153846154
264 0.5865384615384616 0.7776442307692307 0.04326923076923077 0.02403846153846154
177 0.49399038461538464 0.7175480769230769 0.04567307692307692 0.026442307692307692
168 0.4963942307692308 0.6862980769230769 0.04567307692307692 0.026442307692307692
35 0.49399038461538464 0.6538461538461539 0.04567307692307692 0.026442307692307692
53 0.4963942307692308 0.6225961538461539 0.04567307692307692 0.026442307692307692
72 0.4963942307692308 0.5901442307692307 0.04567307692307692 0.02403846153846154
85 0.4951923076923077 0.5588942307692307 0.04567307692307692 0.02403846153846154
99 0.5889423076923077 0.6838942307692307 0.04326923076923077 0.026442307692307692
110 0.5889423076923077 0.6502403846153846 0.04326923076923077 0.026442307692307692
111 0.5889423076923077 0.6189903846153846 0.04326923076923077 0.026442307692307692
113 0.5889423076923077 0.5877403846153846 0.04326923076923077 0.02403846153846154
10 0.5877403846153846 0.5564903846153846 0.04326923076923077 0.02403846153846154