259 0.5240384615384616 0.052884615384615384 0.052884615384615384 0.08173076923076923
265 0.44591346153846156 0.13581730769230768 0.057692307692307696 0.0889423076923077
366 0.5168269230769231 0.1502403846153846 0.055288461538461536 0.08413461538461539
275 0.41225961538461536 0.8353365384615384 0.05048076923076923 0.07211538461538461
264 0.4807692307692308 0.8233173076923077 0.04807692307692308 0.07451923076923077
119 0.41947115384615385 0.6682692307692307 0.04807692307692308 0.06490384615384616
9 0.42427884615384615 0.5841346153846154 0.052884615384615384 0.07451923076923077
35 0.42788461538461536 0.5012019230769231 0.052884615384615384 0.07451923076923077
53 0.43028846153846156 0.4110576923076923 0.055288461538461536 0.07451923076923077
85 0.43509615384615385 0.31971153846153844 0.052884615384615384 0.07451923076923077
99 0.49038461538461536 0.6610576923076923 0.04567307692307692 0.06490384615384616
110 0.4951923076923077 0.5805288461538461 0.04326923076923077 0.06971153846153846
111 0.4987980769230769 0.4963942307692308 0.04807692307692308 0.06971153846153846
113 0.5024038461538461 0.41225961538461536 0.04807692307692308 0.07211538461538461
10 0.5096153846153846 0.3293269230769231 0.04807692307692308 0.07211538461538461