264 0.21634615384615385 0.3557692307692308 0.04807692307692308 0.07932692307692307
275 0.22596153846153846 0.4831730769230769 0.05048076923076923 0.07211538461538461
266 0.23317307692307693 0.5997596153846154 0.04567307692307692 0.0673076923076923
9 0.3954326923076923 0.5384615384615384 0.04567307692307692 0.07211538461538461
35 0.45913461538461536 0.5348557692307693 0.040865384615384616 0.0673076923076923
53 0.5216346153846154 0.5324519230769231 0.040865384615384616 0.06490384615384616
72 0.5829326923076923 0.5300480769230769 0.04326923076923077 0.0673076923076923
85 0.6418269230769231 0.5288461538461539 0.038461538461538464 0.0673076923076923
99 0.3942307692307692 0.41947115384615385 0.04326923076923077 0.07451923076923077
110 0.46033653846153844 0.4170673076923077 0.04326923076923077 0.07451923076923077
111 0.5252403846153846 0.4170673076923077 0.04326923076923077 0.06971153846153846
113 0.5889423076923077 0.41586538461538464 0.038461538461538464 0.06971153846153846