273 0.6658653846153846 0.0673076923076923 0.20192307692307693 0.11057692307692307
259 0.6766826923076923 0.5504807692307693 0.09375 0.03365384615384615
275 0.6310096153846154 0.8677884615384616 0.09134615384615384 0.038461538461538464
264 0.7427884615384616 0.8641826923076923 0.09615384615384616 0.038461538461538464
9 0.6850961538461539 0.7980769230769231 0.09615384615384616 0.038461538461538464
35 0.6838942307692307 0.7536057692307693 0.09375 0.038461538461538464
53 0.6826923076923077 0.7067307692307693 0.09375 0.038461538461538464
72 0.6814903846153846 0.6622596153846154 0.09375 0.038461538461538464
85 0.6790865384615384 0.6165865384615384 0.09615384615384616 0.038461538461538464
266 0.6213942307692307 0.5060096153846154 0.09615384615384616 0.036057692307692304
288 0.7319711538461539 0.5048076923076923 0.09134615384615384 0.036057692307692304