275 0.4170673076923077 0.8533653846153846 0.036057692307692304 0.0625
264 0.5108173076923077 0.84375 0.036057692307692304 0.0625
9 0.41466346153846156 0.6766826923076923 0.038461538461538464 0.0673076923076923
35 0.41225961538461536 0.6021634615384616 0.038461538461538464 0.06971153846153846
53 0.4110576923076923 0.5276442307692307 0.038461538461538464 0.07211538461538461
72 0.40865384615384615 0.45072115384615385 0.038461538461538464 0.06971153846153846
85 0.4074519230769231 0.3701923076923077 0.040865384615384616 0.07451923076923077
99 0.40625 0.29086538461538464 0.038461538461538464 0.06971153846153846
110 0.40384615384615385 0.20673076923076922 0.040865384615384616 0.07451923076923077
111 0.5096153846153846 0.6682692307692307 0.038461538461538464 0.06490384615384616
113 0.5096153846153846 0.5973557692307693 0.038461538461538464 0.06490384615384616
10 0.5084134615384616 0.5216346153846154 0.040865384615384616 0.06490384615384616
11 0.5084134615384616 0.44711538461538464 0.038461538461538464 0.06971153846153846
16 0.5072115384615384 0.3701923076923077 0.038461538461538464 0.06971153846153846
22 0.5072115384615384 0.28846153846153844 0.038461538461538464 0.06971153846153846
23 0.5060096153846154 0.20432692307692307 0.040865384615384616 0.07932692307692307