266 0.36899038461538464 0.3233173076923077 0.04326923076923077 0.07932692307692307
266 0.49038461538461536 0.32091346153846156 0.04326923076923077 0.07451923076923077
266 0.6105769230769231 0.31971153846153844 0.040865384615384616 0.07211538461538461
266 0.6081730769230769 0.41346153846153844 0.04326923076923077 0.07211538461538461
266 0.49038461538461536 0.41346153846153844 0.040865384615384616 0.07451923076923077
266 0.3713942307692308 0.4170673076923077 0.04567307692307692 0.07211538461538461
266 0.37259615384615385 0.5048076923076923 0.04326923076923077 0.07211538461538461
266 0.4891826923076923 0.5012019230769231 0.04326923076923077 0.07211538461538461
266 0.6045673076923077 0.5 0.040865384615384616 0.06971153846153846
266 0.6009615384615384 0.5805288461538461 0.04326923076923077 0.06971153846153846
266 0.5973557692307693 0.6622596153846154 0.04326923076923077 0.06971153846153846
266 0.5949519230769231 0.7415865384615384 0.040865384615384616 0.07211538461538461
266 0.375 0.5877403846153846 0.04326923076923077 0.07211538461538461
266 0.37740384615384615 0.6694711538461539 0.038461538461538464 0.0673076923076923
266 0.38100961538461536 0.7463942307692307 0.038461538461538464 0.0673076923076923
266 0.4879807692307692 0.7403846153846154 0.036057692307692304 0.06009615384615385
266 0.49038461538461536 0.6670673076923077 0.040865384615384616 0.06490384615384616
266 0.4891826923076923 0.5829326923076923 0.038461538461538464 0.06490384615384616
266 0.7283653846153846 0.31850961538461536 0.04326923076923077 0.07451923076923077
266 0.7223557692307693 0.4110576923076923 0.04326923076923077 0.07451923076923077
266 0.7151442307692307 0.4987980769230769 0.038461538461538464 0.06490384615384616
266 0.7103365384615384 0.5805288461538461 0.040865384615384616 0.06490384615384616
266 0.7055288461538461 0.6586538461538461 0.040865384615384616 0.06490384615384616
266 0.6995192307692307 0.734375 0.038461538461538464 0.06971153846153846
266 0.38221153846153844 0.859375 0.038461538461538464 0.0673076923076923
266 0.4879807692307692 0.8545673076923077 0.036057692307692304 0.06490384615384616
266 0.5901442307692307 0.8497596153846154 0.038461538461538464 0.0673076923076923
272 0.6899038461538461 0.8413461538461539 0.036057692307692304 0.06490384615384616
43 0.3088942307692308 0.22596153846153846 0.057692307692307696 0.09134615384615384
38 0.3125 0.3245192307692308 0.06009615384615385 0.08173076923076923
39 0.4387019230769231 0.32091346153846156 0.055288461538461536 0.08173076923076923
41 0.5564903846153846 0.31850961538461536 0.055288461538461536 0.07692307692307693
42 0.6754807692307693 0.31850961538461536 0.052884615384615384 0.08173076923076923
26 0.31850961538461536 0.4170673076923077 0.055288461538461536 0.07932692307692307
28 0.4375 0.41346153846153844 0.055288461538461536 0.07692307692307693
36 0.5552884615384616 0.4110576923076923 0.055288461538461536 0.07932692307692307
37 0.6706730769230769 0.4098557692307692 0.05048076923076923 0.07692307692307693
22 0.32211538461538464 0.5072115384615384 0.055288461538461536 0.08173076923076923
23 0.4387019230769231 0.5036057692307693 0.052884615384615384 0.07451923076923077
24 0.5540865384615384 0.4987980769230769 0.052884615384615384 0.07211538461538461
25 0.6658653846153846 0.4963942307692308 0.05048076923076923 0.07211538461538461
113 0.3245192307692308 0.5913461538461539 0.052884615384615384 0.07451923076923077
10 0.4387019230769231 0.5865384615384616 0.052884615384615384 0.07451923076923077
11 0.5516826923076923 0.5829326923076923 0.05048076923076923 0.07211538461538461
16 0.6622596153846154 0.578125 0.05048076923076923 0.07211538461538461
85 0.328125 0.671875 0.055288461538461536 0.07451923076923077
99 0.43990384615384615 0.6670673076923077 0.05048076923076923 0.07211538461538461
110 0.5492788461538461 0.6610576923076923 0.05048076923076923 0.0673076923076923
111 0.65625 0.6574519230769231 0.05048076923076923 0.06971153846153846
277 0.3317307692307692 0.7487980769230769 0.052884615384615384 0.0673076923076923
35 0.43990384615384615 0.7427884615384616 0.05048076923076923 0.0673076923076923
53 0.546875 0.7379807692307693 0.05048076923076923 0.0673076923076923
72 0.6526442307692307 0.7331730769230769 0.04807692307692308 0.06971153846153846
275 0.33653846153846156 0.8617788461538461 0.052884615384615384 0.0673076923076923
264 0.4411057692307692 0.8545673076923077 0.04807692307692308 0.0673076923076923
259 0.5444711538461539 0.8497596153846154 0.04807692307692308 0.06490384615384616
266 0.36538461538461536 0.22355769230769232 0.05048076923076923 0.08413461538461539