288 0.3329326923076923 0.06610576923076923 0.11057692307692307 0.12740384615384615
288 0.46634615384615385 0.0625 0.11778846153846154 0.125
288 0.6021634615384616 0.06129807692307692 0.11538461538461539 0.12259615384615384
259 0.34375 0.20673076923076922 0.10336538461538461 0.11298076923076923
260 0.5973557692307693 0.20432692307692307 0.10817307692307693 0.1201923076923077
272 0.39783653846153844 0.7944711538461539 0.08173076923076923 0.07692307692307693
272 0.5865384615384616 0.8076923076923077 0.08173076923076923 0.07692307692307693
272 0.40384615384615385 0.9098557692307693 0.08173076923076923 0.06490384615384616
275 0.3858173076923077 0.6622596153846154 0.08653846153846154 0.07932692307692307
264 0.5901442307692307 0.6754807692307693 0.08653846153846154 0.08413461538461539
121 0.3798076923076923 0.5661057692307693 0.08653846153846154 0.08173076923076923
120 0.4831730769230769 0.5697115384615384 0.09615384615384616 0.09134615384615384
9 0.59375 0.5721153846153846 0.09134615384615384 0.09134615384615384
35 0.36778846153846156 0.4567307692307692 0.09134615384615384 0.09615384615384616
53 0.4795673076923077 0.46033653846153844 0.10096153846153846 0.09615384615384616
72 0.5949519230769231 0.4651442307692308 0.09615384615384616 0.10096153846153846
85 0.3545673076923077 0.33533653846153844 0.09615384615384616 0.10576923076923077
99 0.4735576923076923 0.34134615384615385 0.10096153846153846 0.10576923076923077