289 0.6129807692307693 0.8221153846153846 0.11778846153846154 0.09375
275 0.3798076923076923 0.7512019230769231 0.13221153846153846 0.09375
264 0.6129807692307693 0.7211538461538461 0.12259615384615384 0.0889423076923077
259 0.3798076923076923 0.8557692307692307 0.13221153846153846 0.09375
281 0.5036057692307693 0.5216346153846154 0.12740384615384615 0.09134615384615384
9 0.38100961538461536 0.421875 0.1346153846153846 0.09615384615384616
35 0.6213942307692307 0.4074519230769231 0.12259615384615384 0.0889423076923077
53 0.3786057692307692 0.30649038461538464 0.1346153846153846 0.0985576923076923
72 0.6237980769230769 0.30408653846153844 0.12259615384615384 0.09134615384615384
85 0.38100961538461536 0.18990384615384615 0.1346153846153846 0.09375
99 0.6286057692307693 0.19471153846153846 0.12259615384615384 0.0889423076923077