266 0.37259615384615385 0.7728365384615384 0.08413461538461539 0.0889423076923077
122 0.36899038461538464 0.6790865384615384 0.09375 0.09134615384615384
121 0.3629807692307692 0.5697115384615384 0.0985576923076923 0.10576923076923077
120 0.3581730769230769 0.4483173076923077 0.10576923076923077 0.11778846153846154
9 0.35096153846153844 0.3004807692307692 0.10817307692307693 0.13701923076923078
35 0.3449519230769231 0.13701923076923078 0.11538461538461539 0.15865384615384615
53 0.5348557692307693 0.7620192307692307 0.08173076923076923 0.09134615384615384
72 0.5384615384615384 0.6610576923076923 0.0889423076923077 0.09134615384615384
85 0.5432692307692307 0.5576923076923077 0.09134615384615384 0.10576923076923077
99 0.5504807692307693 0.4362980769230769 0.0985576923076923 0.11057692307692307
110 0.5576923076923077 0.296875 0.10096153846153846 0.12740384615384615
111 0.5673076923076923 0.13942307692307693 0.11057692307692307 0.1466346153846154