272 0.5456730769230769 0.13221153846153846 0.05048076923076923 0.040865384615384616
275 0.4639423076923077 0.7247596153846154 0.1201923076923077 0.04807692307692308
264 0.6442307692307693 0.7199519230769231 0.11778846153846154 0.04326923076923077
263 0.5540865384615384 0.7836538461538461 0.12980769230769232 0.04567307692307692
120 0.5516826923076923 0.6634615384615384 0.11778846153846154 0.04326923076923077
152 0.45552884615384615 0.6177884615384616 0.12740384615384615 0.05048076923076923
64 0.4543269230769231 0.5673076923076923 0.12980769230769232 0.04807692307692308
73 0.6490384615384616 0.5612980769230769 0.12740384615384615 0.052884615384615384
63 0.6490384615384616 0.6129807692307693 0.12740384615384615 0.05048076923076923
74 0.45072115384615385 0.515625 0.13221153846153846 0.05048076923076923
75 0.6490384615384616 0.5108173076923077 0.12740384615384615 0.05048076923076923
76 0.45072115384615385 0.46274038461538464 0.13221153846153846 0.05048076923076923
77 0.6478365384615384 0.45913461538461536 0.12740384615384615 0.052884615384615384
78 0.4495192307692308 0.40865384615384615 0.13701923076923078 0.052884615384615384
79 0.6454326923076923 0.40384615384615385 0.125 0.052884615384615384
80 0.4495192307692308 0.35096153846153844 0.13701923076923078 0.052884615384615384
81 0.6466346153846154 0.34975961538461536 0.12740384615384615 0.052884615384615384
82 0.44350961538461536 0.29447115384615385 0.13221153846153846 0.052884615384615384
86 0.6466346153846154 0.2920673076923077 0.12740384615384615 0.05048076923076923
289 0.5432692307692307 0.22235576923076922 0.13701923076923078 0.05048076923076923