272 0.34375 0.8076923076923077 0.04567307692307692 0.04326923076923077
272 0.5444711538461539 0.7920673076923077 0.04807692307692308 0.04326923076923077
366 0.3389423076923077 0.7295673076923077 0.04326923076923077 0.04567307692307692
265 0.5420673076923077 0.7115384615384616 0.038461538461538464 0.040865384615384616
249 0.3473557692307692 0.5805288461538461 0.052884615384615384 0.057692307692307696
134 0.5336538461538461 0.5697115384615384 0.052884615384615384 0.052884615384615384
9 0.3449519230769231 0.515625 0.052884615384615384 0.052884615384615384
35 0.5336538461538461 0.5072115384615384 0.04807692307692308 0.04807692307692308
53 0.3449519230769231 0.4567307692307692 0.04807692307692308 0.04807692307692308
72 0.5372596153846154 0.4495192307692308 0.04567307692307692 0.05048076923076923
85 0.34375 0.39663461538461536 0.04807692307692308 0.052884615384615384
99 0.5348557692307693 0.3894230769230769 0.04567307692307692 0.04567307692307692
110 0.3425480769230769 0.3317307692307692 0.052884615384615384 0.052884615384615384
111 0.5348557692307693 0.3269230769230769 0.05048076923076923 0.05048076923076923
272 0.33413461538461536 0.109375 0.057692307692307696 0.057692307692307696
291 0.4423076923076923 0.5132211538461539 0.05048076923076923 0.057692307692307696
291 0.44471153846153844 0.7536057692307693 0.052884615384615384 0.06971153846153846
270 0.5324519230769231 0.10817307692307693 0.04567307692307692 0.04567307692307692
270 0.5372596153846154 0.22355769230769232 0.038461538461538464 0.04326923076923077
270 0.3389423076923077 0.22596153846153846 0.04807692307692308 0.04326923076923077