265 0.3918269230769231 0.484375 0.038461538461538464 0.03125
260 0.5120192307692307 0.4855769230769231 0.040865384615384616 0.03125
134 0.39302884615384615 0.5360576923076923 0.06490384615384616 0.03365384615384615
136 0.5120192307692307 0.5360576923076923 0.06490384615384616 0.03365384615384615
111 0.3942307692307692 0.6286057692307693 0.0625 0.028846153846153848
99 0.3942307692307692 0.6622596153846154 0.06009615384615385 0.028846153846153848
72 0.39302884615384615 0.6947115384615384 0.06009615384615385 0.028846153846153848
35 0.3942307692307692 0.7271634615384616 0.06009615384615385 0.028846153846153848
266 0.39302884615384615 0.7596153846153846 0.057692307692307696 0.028846153846153848
10 0.5120192307692307 0.6971153846153846 0.0625 0.03125
16 0.5120192307692307 0.6646634615384616 0.0625 0.03125
22 0.5120192307692307 0.6310096153846154 0.0625 0.03125
24 0.5120192307692307 0.5973557692307693 0.0625 0.03125
291 0.3605769230769231 0.39903846153846156 0.03125 0.038461538461538464