266 0.38341346153846156 0.2668269230769231 0.08413461538461539 0.06009615384615385
260 0.625 0.25721153846153844 0.08173076923076923 0.0625
35 0.39663461538461536 0.3713942307692308 0.07692307692307693 0.052884615384615384
53 0.6177884615384616 0.3629807692307692 0.07211538461538461 0.052884615384615384
272 0.6346153846153846 0.1658653846153846 0.09134615384615384 0.07451923076923077
152 0.5108173076923077 0.4567307692307692 0.0673076923076923 0.04567307692307692
323 0.4110576923076923 0.5685096153846154 0.055288461538461536 0.038461538461538464
323 0.5168269230769231 0.5661057692307693 0.06009615384615385 0.038461538461538464
323 0.625 0.5612980769230769 0.06490384615384616 0.038461538461538464
272 0.4230769230769231 0.6394230769230769 0.09134615384615384 0.05048076923076923
272 0.5180288461538461 0.6358173076923077 0.08653846153846154 0.05048076923076923
272 0.6177884615384616 0.6310096153846154 0.08653846153846154 0.05048076923076923