266 0.3918269230769231 0.12379807692307693 0.04567307692307692 0.08173076923076923
260 0.39302884615384615 0.22355769230769232 0.04567307692307692 0.08173076923076923
260 0.39302884615384615 0.31971153846153844 0.04567307692307692 0.08173076923076923
260 0.39302884615384615 0.4170673076923077 0.04567307692307692 0.08413461538461539
260 0.3942307692307692 0.5108173076923077 0.04567307692307692 0.07932692307692307
24 0.45913461538461536 0.12259615384615384 0.04326923076923077 0.08413461538461539
23 0.45913461538461536 0.22115384615384615 0.04326923076923077 0.08173076923076923
22 0.4579326923076923 0.31971153846153844 0.04326923076923077 0.07932692307692307
16 0.4567307692307692 0.4170673076923077 0.04326923076923077 0.07932692307692307
11 0.4579326923076923 0.5132211538461539 0.04326923076923077 0.07932692307692307
275 0.3918269230769231 0.8052884615384616 0.04567307692307692 0.07932692307692307
264 0.45552884615384615 0.8100961538461539 0.04567307692307692 0.07932692307692307