272 0.3786057692307692 0.23317307692307693 0.04807692307692308 0.036057692307692304
272 0.5697115384615384 0.22596153846153846 0.04567307692307692 0.038461538461538464
298 0.46634615384615385 0.22596153846153846 0.0673076923076923 0.055288461538461536
152 0.36538461538461536 0.7800480769230769 0.05048076923076923 0.04326923076923077
187 0.3641826923076923 0.7151442307692307 0.052884615384615384 0.038461538461538464
35 0.36538461538461536 0.6538461538461539 0.055288461538461536 0.04326923076923077
72 0.36658653846153844 0.5925480769230769 0.057692307692307696 0.04326923076923077
99 0.36778846153846156 0.5252403846153846 0.057692307692307696 0.04326923076923077
111 0.36778846153846156 0.46033653846153844 0.055288461538461536 0.04326923076923077
10 0.36778846153846156 0.3954326923076923 0.055288461538461536 0.04567307692307692
275 0.45552884615384615 0.7860576923076923 0.0625 0.04326923076923077
16 0.5492788461538461 0.7920673076923077 0.06009615384615385 0.04567307692307692
22 0.5504807692307693 0.7295673076923077 0.057692307692307696 0.04807692307692308
24 0.5528846153846154 0.6646634615384616 0.0625 0.05048076923076923
26 0.5540865384615384 0.5973557692307693 0.0625 0.04567307692307692
36 0.5564903846153846 0.53125 0.06490384615384616 0.04807692307692308
38 0.5576923076923077 0.46274038461538464 0.06490384615384616 0.05048076923076923