273 0.49038461538461536 0.3088942307692308 0.1875 0.17307692307692307
131 0.6526442307692307 0.3125 0.11538461538461539 0.125
273 0.11298076923076923 0.5228365384615384 0.15384615384615385 0.06009615384615385
275 0.09254807692307693 0.6141826923076923 0.04807692307692308 0.04567307692307692
264 0.1778846153846154 0.6117788461538461 0.04567307692307692 0.04326923076923077
124 0.2620192307692308 0.6117788461538461 0.04326923076923077 0.04326923076923077
123 0.3329326923076923 0.6117788461538461 0.04326923076923077 0.040865384615384616
122 0.4014423076923077 0.6117788461538461 0.040865384615384616 0.040865384615384616
85 0.25 0.5180288461538461 0.04807692307692308 0.04807692307692308
99 0.3233173076923077 0.5168269230769231 0.04326923076923077 0.04807692307692308
110 0.39663461538461536 0.5168269230769231 0.04326923076923077 0.04807692307692308
111 0.4699519230769231 0.5180288461538461 0.04326923076923077 0.05048076923076923
113 0.5432692307692307 0.5180288461538461 0.04326923076923077 0.05048076923076923
10 0.6141826923076923 0.5180288461538461 0.04567307692307692 0.05048076923076923
11 0.6838942307692307 0.5168269230769231 0.04326923076923077 0.04807692307692308
16 0.7560096153846154 0.5180288461538461 0.04326923076923077 0.04807692307692308
20 0.8257211538461539 0.5180288461538461 0.05048076923076923 0.04807692307692308
121 0.4699519230769231 0.6117788461538461 0.040865384615384616 0.040865384615384616
120 0.5396634615384616 0.6105769230769231 0.038461538461538464 0.04326923076923077
9 0.6069711538461539 0.6117788461538461 0.038461538461538464 0.04326923076923077
35 0.6742788461538461 0.6105769230769231 0.040865384615384616 0.040865384615384616
53 0.7415865384615384 0.6105769230769231 0.04326923076923077 0.04326923076923077
72 0.8088942307692307 0.609375 0.04567307692307692 0.04326923076923077