273 0.3641826923076923 0.42427884615384615 0.17307692307692307 0.0889423076923077
9 0.31971153846153844 0.5240384615384616 0.052884615384615384 0.040865384615384616
35 0.3798076923076923 0.5240384615384616 0.0625 0.04326923076923077
53 0.43149038461538464 0.5240384615384616 0.055288461538461536 0.04326923076923077
72 0.3269230769230769 0.5721153846153846 0.06009615384615385 0.04326923076923077
85 0.38221153846153844 0.5733173076923077 0.057692307692307696 0.04326923076923077
99 0.4362980769230769 0.5745192307692307 0.055288461538461536 0.040865384615384616
110 0.3317307692307692 0.6201923076923077 0.057692307692307696 0.04326923076923077
111 0.3858173076923077 0.6201923076923077 0.055288461538461536 0.04326923076923077
113 0.4362980769230769 0.6201923076923077 0.055288461538461536 0.04326923076923077
276 0.33653846153846156 0.6646634615384616 0.055288461538461536 0.040865384615384616
8 0.38822115384615385 0.6646634615384616 0.052884615384615384 0.040865384615384616
0 0.4387019230769231 0.6646634615384616 0.052884615384615384 0.040865384615384616
187 0.625 0.5240384615384616 0.055288461538461536 0.040865384615384616
160 0.7415865384615384 0.5240384615384616 0.0625 0.04326923076923077
291 0.6802884615384616 0.5745192307692307 0.17067307692307693 0.04326923076923077
119 0.6213942307692307 0.6225961538461539 0.052884615384615384 0.04326923076923077
115 0.7295673076923077 0.6225961538461539 0.057692307692307696 0.040865384615384616
131 0.39302884615384615 0.71875 0.15144230769230768 0.036057692307692304