365 0.4879807692307692 0.1658653846153846 0.038461538461538464 0.06971153846153846
365 0.5733173076923077 0.16346153846153846 0.038461538461538464 0.0673076923076923
365 0.4891826923076923 0.2824519230769231 0.038461538461538464 0.0673076923076923
365 0.5721153846153846 0.2800480769230769 0.038461538461538464 0.0673076923076923
365 0.5733173076923077 0.36538461538461536 0.038461538461538464 0.0673076923076923
365 0.4891826923076923 0.36778846153846156 0.038461538461538464 0.0673076923076923
365 0.49038461538461536 0.45072115384615385 0.038461538461538464 0.06490384615384616
365 0.49038461538461536 0.5336538461538461 0.038461538461538464 0.06490384615384616
365 0.5709134615384616 0.5300480769230769 0.038461538461538464 0.06490384615384616
365 0.5709134615384616 0.45072115384615385 0.038461538461538464 0.06490384615384616
365 0.49038461538461536 0.6141826923076923 0.038461538461538464 0.06490384615384616
259 0.4483173076923077 0.1658653846153846 0.038461538461538464 0.06971153846153846
263 0.5336538461538461 0.16346153846153846 0.038461538461538464 0.0673076923076923
85 0.45072115384615385 0.2824519230769231 0.038461538461538464 0.0673076923076923
113 0.5336538461538461 0.2800480769230769 0.038461538461538464 0.0673076923076923
72 0.45072115384615385 0.36658653846153844 0.038461538461538464 0.0673076923076923
111 0.5336538461538461 0.36538461538461536 0.038461538461538464 0.0673076923076923
53 0.4519230769230769 0.45072115384615385 0.038461538461538464 0.06490384615384616
110 0.5336538461538461 0.45072115384615385 0.038461538461538464 0.06490384615384616
35 0.4519230769230769 0.5336538461538461 0.038461538461538464 0.06490384615384616
99 0.5336538461538461 0.5300480769230769 0.036057692307692304 0.06490384615384616
9 0.4519230769230769 0.6141826923076923 0.038461538461538464 0.06490384615384616
275 0.4543269230769231 0.7211538461538461 0.038461538461538464 0.06490384615384616
275 0.49158653846153844 0.7211538461538461 0.038461538461538464 0.06490384615384616
264 0.5336538461538461 0.7199519230769231 0.038461538461538464 0.06490384615384616
264 0.5721153846153846 0.7199519230769231 0.038461538461538464 0.06490384615384616