273 0.4795673076923077 0.14423076923076922 0.15384615384615385 0.10817307692307693
259 0.484375 0.42427884615384615 0.04326923076923077 0.040865384615384616
22 0.4423076923076923 0.48197115384615385 0.04807692307692308 0.038461538461538464
23 0.5240384615384616 0.47836538461538464 0.04326923076923077 0.038461538461538464
20 0.5240384615384616 0.5276442307692307 0.04326923076923077 0.038461538461538464
16 0.4423076923076923 0.5336538461538461 0.04807692307692308 0.040865384615384616
10 0.4423076923076923 0.5853365384615384 0.04807692307692308 0.040865384615384616
11 0.5240384615384616 0.5757211538461539 0.040865384615384616 0.038461538461538464
113 0.5240384615384616 0.6225961538461539 0.04326923076923077 0.038461538461538464
111 0.4423076923076923 0.6358173076923077 0.04567307692307692 0.040865384615384616
110 0.5228365384615384 0.6706730769230769 0.04326923076923077 0.038461538461538464
99 0.4423076923076923 0.6862980769230769 0.04807692307692308 0.040865384615384616
85 0.5228365384615384 0.71875 0.040865384615384616 0.038461538461538464
72 0.4423076923076923 0.7379807692307693 0.04807692307692308 0.040865384615384616
35 0.4423076923076923 0.7872596153846154 0.04567307692307692 0.038461538461538464
53 0.5216346153846154 0.765625 0.04326923076923077 0.038461538461538464
9 0.4831730769230769 0.8233173076923077 0.04326923076923077 0.038461538461538464
275 0.4423076923076923 0.8870192307692307 0.04567307692307692 0.04326923076923077
264 0.5216346153846154 0.859375 0.04567307692307692 0.04326923076923077