366 0.5348557692307693 0.43028846153846156 0.019230769230769232 0.016826923076923076
265 0.46153846153846156 0.43028846153846156 0.021634615384615384 0.016826923076923076
264 0.5360576923076923 0.4639423076923077 0.021634615384615384 0.016826923076923076
275 0.46274038461538464 0.4651442307692308 0.021634615384615384 0.016826923076923076
38 0.5240384615384616 0.49759615384615385 0.019230769230769232 0.014423076923076924
37 0.5252403846153846 0.515625 0.019230769230769232 0.014423076923076924
36 0.5252403846153846 0.5336538461538461 0.019230769230769232 0.016826923076923076
28 0.5252403846153846 0.5528846153846154 0.019230769230769232 0.014423076923076924
26 0.5252403846153846 0.5709134615384616 0.021634615384615384 0.016826923076923076
25 0.5252403846153846 0.5889423076923077 0.019230769230769232 0.016826923076923076
24 0.5264423076923077 0.6069711538461539 0.019230769230769232 0.016826923076923076
23 0.5264423076923077 0.6262019230769231 0.021634615384615384 0.016826923076923076
22 0.5264423076923077 0.6442307692307693 0.021634615384615384 0.016826923076923076
20 0.5264423076923077 0.6622596153846154 0.019230769230769232 0.016826923076923076
16 0.5264423076923077 0.6802884615384616 0.021634615384615384 0.014423076923076924
11 0.47596153846153844 0.4987980769230769 0.021634615384615384 0.014423076923076924
10 0.47596153846153844 0.5168269230769231 0.021634615384615384 0.016826923076923076
113 0.47596153846153844 0.5348557692307693 0.019230769230769232 0.014423076923076924
111 0.47596153846153844 0.5552884615384616 0.021634615384615384 0.014423076923076924
110 0.47596153846153844 0.5745192307692307 0.021634615384615384 0.014423076923076924
99 0.47716346153846156 0.5925480769230769 0.021634615384615384 0.014423076923076924
85 0.47716346153846156 0.6117788461538461 0.021634615384615384 0.016826923076923076
72 0.47716346153846156 0.6298076923076923 0.021634615384615384 0.016826923076923076
53 0.47716346153846156 0.6478365384615384 0.021634615384615384 0.016826923076923076
35 0.47836538461538464 0.6670673076923077 0.021634615384615384 0.016826923076923076
9 0.47836538461538464 0.6862980769230769 0.021634615384615384 0.016826923076923076
152 0.47836538461538464 0.7043269230769231 0.021634615384615384 0.016826923076923076
134 0.46634615384615385 0.7427884615384616 0.021634615384615384 0.016826923076923076
291 0.5036057692307693 0.7391826923076923 0.019230769230769232 0.016826923076923076
249 0.5396634615384616 0.734375 0.019230769230769232 0.016826923076923076
317 0.5036057692307693 0.7716346153846154 0.019230769230769232 0.016826923076923076
290 0.5012019230769231 0.8137019230769231 0.016826923076923076 0.021634615384615384
323 0.5348557692307693 0.3918269230769231 0.019230769230769232 0.021634615384615384
266 0.46274038461538464 0.3245192307692308 0.028846153846153848 0.016826923076923076