273 0.5552884615384616 0.1622596153846154 0.1778846153846154 0.23798076923076922
276 0.5072115384615384 0.6754807692307693 0.052884615384615384 0.08413461538461539
9 0.49759615384615385 0.3786057692307692 0.055288461538461536 0.09134615384615384
35 0.5600961538461539 0.375 0.052884615384615384 0.0889423076923077
260 0.6225961538461539 0.3713942307692308 0.055288461538461536 0.09134615384615384
72 0.5012019230769231 0.48197115384615385 0.055288461538461536 0.08653846153846154
85 0.5600961538461539 0.47716346153846156 0.052884615384615384 0.08413461538461539
99 0.6225961538461539 0.47475961538461536 0.052884615384615384 0.08413461538461539
110 0.5036057692307693 0.578125 0.052884615384615384 0.08653846153846154
111 0.5637019230769231 0.5793269230769231 0.05048076923076923 0.08173076923076923
113 0.6225961538461539 0.5757211538461539 0.052884615384615384 0.08653846153846154
8 0.5661057692307693 0.6730769230769231 0.05048076923076923 0.08413461538461539
0 0.6237980769230769 0.6694711538461539 0.052884615384615384 0.08173076923076923
131 0.5408653846153846 0.9026442307692307 0.05048076923076923 0.08413461538461539
365 0.5973557692307693 0.9002403846153846 0.04807692307692308 0.07932692307692307
273 0.5673076923076923 0.7884615384615384 0.16105769230769232 0.08173076923076923