53 0.38100961538461536 0.21754807692307693 0.27163461538461536 0.1778846153846154
35 0.6454326923076923 0.29086538461538464 0.23798076923076922 0.15625
9 0.3798076923076923 0.35697115384615385 0.25240384615384615 0.15625
119 0.3786057692307692 0.47716346153846156 0.24519230769230768 0.15384615384615385
119 0.38221153846153844 0.5889423076923077 0.23557692307692307 0.13221153846153846
152 0.6382211538461539 0.41586538461538464 0.23317307692307693 0.13701923076923078
53 0.6274038461538461 0.5276442307692307 0.2283653846153846 0.125
275 0.609375 0.6394230769230769 0.19951923076923078 0.12980769230769232
259 0.3798076923076923 0.703125 0.21634615384615385 0.13701923076923078
264 0.38221153846153844 0.7932692307692307 0.2091346153846154 0.13221153846153846
260 0.49038461538461536 0.9459134615384616 0.18990384615384615 0.10576923076923077