275 0.3233173076923077 0.7548076923076923 0.08653846153846154 0.038461538461538464
264 0.7151442307692307 0.7548076923076923 0.0889423076923077 0.038461538461538464
9 0.31850961538461536 0.6959134615384616 0.08653846153846154 0.04326923076923077
35 0.5216346153846154 0.6971153846153846 0.08653846153846154 0.04326923076923077
72 0.7223557692307693 0.6959134615384616 0.0889423076923077 0.04326923076923077
85 0.3125 0.6346153846153846 0.09134615384615384 0.04326923076923077
99 0.5228365384615384 0.6334134615384616 0.09134615384615384 0.04326923076923077
110 0.7295673076923077 0.6346153846153846 0.09375 0.04567307692307692
26 0.3088942307692308 0.5673076923076923 0.0985576923076923 0.05048076923076923
28 0.5252403846153846 0.5673076923076923 0.0985576923076923 0.05048076923076923
37 0.7403846153846154 0.5673076923076923 0.0985576923076923 0.05048076923076923
38 0.30288461538461536 0.4963942307692308 0.10336538461538461 0.055288461538461536
39 0.5264423076923077 0.4963942307692308 0.10336538461538461 0.055288461538461536
41 0.7487980769230769 0.4963942307692308 0.10336538461538461 0.055288461538461536
42 0.2956730769230769 0.41947115384615385 0.11057692307692307 0.06009615384615385
43 0.7632211538461539 0.4182692307692308 0.11057692307692307 0.06009615384615385
259 0.2860576923076923 0.33413461538461536 0.11778846153846154 0.06490384615384616
263 0.7788461538461539 0.33413461538461536 0.11778846153846154 0.06490384615384616