273 0.4855769230769231 0.2824519230769231 0.46875 0.14182692307692307
9 0.17307692307692307 0.4362980769230769 0.18990384615384615 0.09615384615384616
35 0.3786057692307692 0.4375 0.18028846153846154 0.09615384615384616
53 0.5913461538461539 0.4387019230769231 0.18028846153846154 0.09615384615384616
17 0.8052884615384616 0.4411057692307692 0.18509615384615385 0.0985576923076923
134 0.7884615384615384 0.5408653846153846 0.18509615384615385 0.08653846153846154
99 0.5865384615384616 0.5384615384615384 0.16826923076923078 0.08653846153846154
85 0.3870192307692308 0.5360576923076923 0.16826923076923078 0.0889423076923077
72 0.1875 0.5336538461538461 0.16826923076923078 0.0889423076923077
110 0.203125 0.6213942307692307 0.16826923076923078 0.08413461538461539
111 0.3918269230769231 0.6225961538461539 0.17067307692307693 0.08413461538461539
113 0.5817307692307693 0.6262019230769231 0.17067307692307693 0.08173076923076923
152 0.7764423076923077 0.6310096153846154 0.17067307692307693 0.08173076923076923
8 0.39663461538461536 0.7055288461538461 0.16346153846153846 0.07932692307692307