365 0.39903846153846156 0.2956730769230769 0.052884615384615384 0.08653846153846154
365 0.4519230769230769 0.29086538461538464 0.05048076923076923 0.09134615384615384
365 0.5048076923076923 0.28846153846153844 0.05048076923076923 0.0889423076923077
22 0.44471153846153844 0.38461538461538464 0.10576923076923077 0.07692307692307693
365 0.546875 0.3762019230769231 0.10096153846153846 0.07451923076923077
11 0.44591346153846156 0.4639423076923077 0.10096153846153846 0.08173076923076923
16 0.546875 0.45072115384615385 0.10096153846153846 0.07692307692307693
113 0.4483173076923077 0.5348557692307693 0.09615384615384616 0.07451923076923077
10 0.546875 0.5228365384615384 0.10096153846153846 0.07451923076923077
110 0.4495192307692308 0.6081730769230769 0.0985576923076923 0.06971153846153846
111 0.546875 0.59375 0.09615384615384616 0.06971153846153846
85 0.453125 0.6730769230769231 0.09615384615384616 0.06971153846153846
99 0.546875 0.6646634615384616 0.09375 0.07211538461538461
291 0.5480769230769231 0.7319711538461539 0.09375 0.06490384615384616
131 0.4723557692307692 0.16466346153846154 0.06971153846153846 0.11298076923076923