259 0.45552884615384615 0.47475961538461536 0.03125 0.038461538461538464
260 0.3473557692307692 0.9182692307692307 0.040865384615384616 0.026442307692307692
260 0.38100961538461536 0.5901442307692307 0.04567307692307692 0.04326923076923077
260 0.4543269230769231 0.6045673076923077 0.055288461538461536 0.04326923076923077
113 0.45072115384615385 0.6682692307692307 0.04807692307692308 0.038461538461538464
260 0.45072115384615385 0.6947115384615384 0.04807692307692308 0.036057692307692304
110 0.45072115384615385 0.7259615384615384 0.04807692307692308 0.038461538461538464
99 0.45072115384615385 0.7524038461538461 0.04807692307692308 0.04326923076923077
260 0.45072115384615385 0.78125 0.04807692307692308 0.040865384615384616
72 0.38100961538461536 0.6754807692307693 0.04326923076923077 0.036057692307692304
260 0.38100961538461536 0.7055288461538461 0.04326923076923077 0.03125
35 0.38100961538461536 0.7307692307692307 0.04326923076923077 0.03365384615384615
9 0.38100961538461536 0.7572115384615384 0.04326923076923077 0.03125
187 0.38100961538461536 0.7836538461538461 0.04326923076923077 0.038461538461538464