86 0.6634615384615384 0.31009615384615385 0.04807692307692308 0.09375
82 0.5661057692307693 0.3088942307692308 0.05048076923076923 0.09134615384615384
81 0.6646634615384616 0.4206730769230769 0.04807692307692308 0.09134615384615384
80 0.5673076923076923 0.42427884615384615 0.05048076923076923 0.09375
79 0.6694711538461539 0.5372596153846154 0.052884615384615384 0.0985576923076923
78 0.5709134615384616 0.5396634615384616 0.04807692307692308 0.09615384615384616
76 0.6742788461538461 0.65625 0.052884615384615384 0.0985576923076923
75 0.5745192307692307 0.6610576923076923 0.05048076923076923 0.09615384615384616
74 0.6778846153846154 0.7752403846153846 0.052884615384615384 0.0985576923076923
73 0.578125 0.7836538461538461 0.052884615384615384 0.09375
64 0.6814903846153846 0.8978365384615384 0.052884615384615384 0.10576923076923077
63 0.5817307692307693 0.9098557692307693 0.055288461538461536 0.10576923076923077