121 0.3425480769230769 0.23677884615384615 0.08173076923076923 0.11538461538461539
260 0.6346153846153846 0.2247596153846154 0.08413461538461539 0.11057692307692307
260 0.6274038461538461 0.36538461538461536 0.07451923076923077 0.0985576923076923
122 0.3545673076923077 0.3798076923076923 0.07692307692307693 0.10096153846153846
123 0.3629807692307692 0.5060096153846154 0.0673076923076923 0.09375
260 0.375 0.6237980769230769 0.06490384615384616 0.08413461538461539
260 0.38221153846153844 0.7283653846153846 0.0625 0.07932692307692307
260 0.6189903846153846 0.7127403846153846 0.06490384615384616 0.07451923076923077
260 0.6201923076923077 0.6069711538461539 0.06490384615384616 0.08413461538461539
260 0.3942307692307692 0.8641826923076923 0.057692307692307696 0.06490384615384616
264 0.6141826923076923 0.8461538461538461 0.057692307692307696 0.06490384615384616
187 0.6237980769230769 0.4951923076923077 0.06971153846153846 0.09134615384615384