273 0.38341346153846156 0.18990384615384615 0.14182692307692307 0.19951923076923078
270 0.34615384615384615 0.45072115384615385 0.028846153846153848 0.026442307692307692
270 0.43509615384615385 0.45072115384615385 0.026442307692307692 0.02403846153846154
259 0.3473557692307692 0.5060096153846154 0.036057692307692304 0.028846153846153848
24 0.4375 0.5612980769230769 0.036057692307692304 0.03125
23 0.34975961538461536 0.5661057692307693 0.036057692307692304 0.03125
22 0.43990384615384615 0.6117788461538461 0.03365384615384615 0.03125
20 0.35096153846153844 0.6177884615384616 0.036057692307692304 0.028846153846153848
16 0.4411057692307692 0.6610576923076923 0.036057692307692304 0.03125
11 0.35096153846153844 0.6694711538461539 0.036057692307692304 0.03125
10 0.4411057692307692 0.7103365384615384 0.036057692307692304 0.03125
35 0.35216346153846156 0.7211538461538461 0.036057692307692304 0.028846153846153848
11 0.4411057692307692 0.7608173076923077 0.036057692307692304 0.03125
152 0.35336538461538464 0.7740384615384616 0.03365384615384615 0.03125
275 0.3557692307692308 0.8341346153846154 0.036057692307692304 0.03125
264 0.44350961538461536 0.8197115384615384 0.03365384615384615 0.03125
249 0.35697115384615385 0.8846153846153846 0.036057692307692304 0.03125
134 0.44350961538461536 0.8701923076923077 0.03365384615384615 0.03125
272 0.44591346153846156 0.9206730769230769 0.036057692307692304 0.028846153846153848
260 0.35697115384615385 0.9338942307692307 0.036057692307692304 0.03125
260 0.4375 0.5024038461538461 0.03125 0.02403846153846154