266 0.40865384615384615 0.6634615384615384 0.036057692307692304 0.028846153846153848
260 0.39903846153846156 0.33774038461538464 0.021634615384615384 0.019230769230769232
290 0.4495192307692308 0.33413461538461536 0.026442307692307692 0.026442307692307692
260 0.4987980769230769 0.33774038461538464 0.021634615384615384 0.016826923076923076
266 0.5132211538461539 0.4170673076923077 0.028846153846153848 0.02403846153846154
266 0.453125 0.484375 0.03365384615384615 0.03125
260 0.4098557692307692 0.7115384615384616 0.028846153846153848 0.026442307692307692
266 0.41346153846153844 0.7584134615384616 0.026442307692307692 0.028846153846153848
266 0.41466346153846156 0.8052884615384616 0.026442307692307692 0.028846153846153848
266 0.5108173076923077 0.7992788461538461 0.026442307692307692 0.021634615384615384
266 0.5096153846153846 0.7536057692307693 0.02403846153846154 0.021634615384615384
266 0.5084134615384616 0.7043269230769231 0.02403846153846154 0.02403846153846154
266 0.5072115384615384 0.6586538461538461 0.02403846153846154 0.021634615384615384
134 0.3918269230769231 0.484375 0.028846153846153848 0.02403846153846154
266 0.46274038461538464 0.8485576923076923 0.026442307692307692 0.026442307692307692
260 0.5132211538461539 0.4807692307692308 0.026442307692307692 0.021634615384615384
266 0.44711538461538464 0.25961538461538464 0.05048076923076923 0.038461538461538464