260 0.46033653846153844 0.10576923076923077 0.038461538461538464 0.05048076923076923
259 0.49399038461538464 0.10697115384615384 0.026442307692307692 0.052884615384615384
39 0.49399038461538464 0.23317307692307693 0.028846153846153848 0.057692307692307696
38 0.4951923076923077 0.28966346153846156 0.028846153846153848 0.055288461538461536
16 0.4579326923076923 0.23197115384615385 0.028846153846153848 0.057692307692307696
11 0.45913461538461536 0.2920673076923077 0.026442307692307692 0.05048076923076923
10 0.46033653846153844 0.34975961538461536 0.028846153846153848 0.052884615384615384
113 0.46153846153846156 0.40384615384615385 0.028846153846153848 0.052884615384615384
111 0.46274038461538464 0.46153846153846156 0.026442307692307692 0.055288461538461536
99 0.4639423076923077 0.5168269230769231 0.028846153846153848 0.055288461538461536
72 0.4651442307692308 0.5721153846153846 0.028846153846153848 0.052884615384615384
53 0.46634615384615385 0.6274038461538461 0.028846153846153848 0.052884615384615384
35 0.4675480769230769 0.6814903846153846 0.028846153846153848 0.052884615384615384
9 0.4699519230769231 0.7367788461538461 0.028846153846153848 0.055288461538461536
120 0.47115384615384615 0.7920673076923077 0.03125 0.055288461538461536
275 0.47475961538461536 0.9074519230769231 0.03125 0.05048076923076923
264 0.5096153846153846 0.8966346153846154 0.028846153846153848 0.04567307692307692
38 0.49759615384615385 0.34615384615384615 0.028846153846153848 0.057692307692307696
37 0.49759615384615385 0.4026442307692308 0.028846153846153848 0.055288461538461536
28 0.4987980769230769 0.4567307692307692 0.028846153846153848 0.055288461538461536
26 0.5 0.5132211538461539 0.028846153846153848 0.055288461538461536
25 0.5012019230769231 0.5685096153846154 0.026442307692307692 0.052884615384615384
24 0.5024038461538461 0.6213942307692307 0.026442307692307692 0.052884615384615384
23 0.5048076923076923 0.6754807692307693 0.026442307692307692 0.052884615384615384
22 0.5060096153846154 0.7283653846153846 0.02403846153846154 0.052884615384615384