272 0.453125 0.49158653846153844 0.038461538461538464 0.052884615384615384
272 0.5865384615384616 0.49158653846153844 0.038461538461538464 0.05048076923076923
272 0.453125 0.5649038461538461 0.038461538461538464 0.052884615384615384
272 0.5865384615384616 0.5649038461538461 0.038461538461538464 0.052884615384615384
35 0.4987980769230769 0.6370192307692307 0.038461538461538464 0.04807692307692308
277 0.49759615384615385 0.7079326923076923 0.038461538461538464 0.04807692307692308
275 0.453125 0.7776442307692307 0.036057692307692304 0.04807692307692308
264 0.5420673076923077 0.7776442307692307 0.036057692307692304 0.04807692307692308
366 0.5408653846153846 0.6370192307692307 0.038461538461538464 0.04807692307692308
266 0.5396634615384616 0.7067307692307693 0.038461538461538464 0.05048076923076923
266 0.5841346153846154 0.7764423076923077 0.038461538461538464 0.04807692307692308
291 0.4963942307692308 0.7764423076923077 0.038461538461538464 0.04807692307692308
259 0.453125 0.8449519230769231 0.038461538461538464 0.04567307692307692
291 0.4963942307692308 0.8449519230769231 0.038461538461538464 0.04807692307692308
289 0.5408653846153846 0.8449519230769231 0.036057692307692304 0.04567307692307692
341 0.5829326923076923 0.8449519230769231 0.036057692307692304 0.04567307692307692