273 0.4987980769230769 0.18629807692307693 0.125 0.2403846153846154
259 0.49399038461538464 0.4567307692307692 0.038461538461538464 0.019230769230769232
152 0.45913461538461536 0.7776442307692307 0.038461538461538464 0.03365384615384615
9 0.45913461538461536 0.7463942307692307 0.038461538461538464 0.03365384615384615
35 0.45913461538461536 0.7163461538461539 0.038461538461538464 0.03365384615384615
53 0.45913461538461536 0.6850961538461539 0.038461538461538464 0.03365384615384615
72 0.45913461538461536 0.6526442307692307 0.038461538461538464 0.03365384615384615
85 0.46033653846153844 0.6201923076923077 0.038461538461538464 0.03365384615384615
99 0.46153846153846156 0.5877403846153846 0.038461538461538464 0.03365384615384615
110 0.46153846153846156 0.5564903846153846 0.038461538461538464 0.03365384615384615
111 0.5192307692307693 0.7548076923076923 0.038461538461538464 0.03365384615384615
113 0.5204326923076923 0.7223557692307693 0.038461538461538464 0.03365384615384615
10 0.5204326923076923 0.6911057692307693 0.038461538461538464 0.03365384615384615
11 0.5204326923076923 0.6574519230769231 0.038461538461538464 0.03365384615384615
16 0.5216346153846154 0.625 0.038461538461538464 0.03365384615384615
20 0.5228365384615384 0.5913461538461539 0.038461538461538464 0.03365384615384615
22 0.5228365384615384 0.5576923076923077 0.038461538461538464 0.03365384615384615
264 0.5144230769230769 0.8834134615384616 0.036057692307692304 0.026442307692307692
275 0.45552884615384615 0.8737980769230769 0.036057692307692304 0.026442307692307692