259 0.5745192307692307 0.38822115384615385 0.014423076923076924 0.016826923076923076
275 0.5096153846153846 0.47475961538461536 0.03125 0.026442307692307692
264 0.5757211538461539 0.4735576923076923 0.028846153846153848 0.026442307692307692
39 0.5757211538461539 0.5132211538461539 0.028846153846153848 0.02403846153846154
38 0.5745192307692307 0.5408653846153846 0.028846153846153848 0.02403846153846154
37 0.5745192307692307 0.5697115384615384 0.028846153846153848 0.02403846153846154
36 0.5745192307692307 0.5985576923076923 0.028846153846153848 0.02403846153846154
28 0.5733173076923077 0.6274038461538461 0.028846153846153848 0.026442307692307692
26 0.5745192307692307 0.6550480769230769 0.028846153846153848 0.026442307692307692
25 0.5745192307692307 0.6838942307692307 0.028846153846153848 0.026442307692307692
24 0.5733173076923077 0.7127403846153846 0.028846153846153848 0.026442307692307692
23 0.5745192307692307 0.7403846153846154 0.028846153846153848 0.026442307692307692
22 0.5745192307692307 0.7692307692307693 0.028846153846153848 0.026442307692307692
20 0.5733173076923077 0.796875 0.028846153846153848 0.026442307692307692
16 0.5721153846153846 0.8257211538461539 0.028846153846153848 0.028846153846153848
11 0.5096153846153846 0.5168269230769231 0.028846153846153848 0.026442307692307692
10 0.5096153846153846 0.5456730769230769 0.03125 0.02403846153846154
113 0.5096153846153846 0.5757211538461539 0.028846153846153848 0.026442307692307692
111 0.5096153846153846 0.6045673076923077 0.03125 0.026442307692307692
110 0.5096153846153846 0.6334134615384616 0.028846153846153848 0.026442307692307692
99 0.5084134615384616 0.6634615384615384 0.028846153846153848 0.026442307692307692
85 0.5096153846153846 0.6935096153846154 0.028846153846153848 0.028846153846153848
72 0.5096153846153846 0.7223557692307693 0.028846153846153848 0.026442307692307692
53 0.5096153846153846 0.7524038461538461 0.03125 0.028846153846153848
35 0.5084134615384616 0.7824519230769231 0.03125 0.028846153846153848
9 0.5084134615384616 0.8112980769230769 0.028846153846153848 0.026442307692307692
260 0.5072115384615384 0.8413461538461539 0.028846153846153848 0.028846153846153848
272 0.47836538461538464 0.9567307692307693 0.02403846153846154 0.02403846153846154