260 0.5985576923076923 0.09495192307692307 0.03365384615384615 0.03365384615384615
56 0.6742788461538461 0.2091346153846154 0.038461538461538464 0.0673076923076923
55 0.6009615384615384 0.21153846153846154 0.038461538461538464 0.06971153846153846
260 0.5252403846153846 0.20793269230769232 0.038461538461538464 0.07692307692307693
47 0.6742788461538461 0.30649038461538464 0.04567307692307692 0.07211538461538461
46 0.6009615384615384 0.30288461538461536 0.036057692307692304 0.0673076923076923
260 0.5264423076923077 0.30408653846153844 0.040865384615384616 0.06971153846153846
43 0.6766826923076923 0.39783653846153844 0.038461538461538464 0.06490384615384616
42 0.6021634615384616 0.39663461538461536 0.038461538461538464 0.06490384615384616
260 0.5276442307692307 0.39663461538461536 0.038461538461538464 0.07451923076923077
39 0.6766826923076923 0.4855769230769231 0.036057692307692304 0.0625
38 0.6021634615384616 0.4891826923076923 0.036057692307692304 0.0673076923076923
37 0.5276442307692307 0.4951923076923077 0.038461538461538464 0.0673076923076923
36 0.6802884615384616 0.5817307692307693 0.03365384615384615 0.06009615384615385
28 0.6057692307692307 0.5829326923076923 0.036057692307692304 0.0673076923076923
26 0.5288461538461539 0.5877403846153846 0.038461538461538464 0.06971153846153846
25 0.6802884615384616 0.6730769230769231 0.036057692307692304 0.06490384615384616
24 0.6057692307692307 0.6766826923076923 0.03365384615384615 0.06971153846153846
23 0.5300480769230769 0.6826923076923077 0.038461538461538464 0.0673076923076923
22 0.6814903846153846 0.7668269230769231 0.038461538461538464 0.07211538461538461
16 0.6081730769230769 0.7716346153846154 0.036057692307692304 0.0673076923076923
11 0.53125 0.7800480769230769 0.036057692307692304 0.06490384615384616
10 0.6838942307692307 0.8774038461538461 0.038461538461538464 0.0673076923076923
113 0.6862980769230769 0.9663461538461539 0.038461538461538464 0.06490384615384616
291 0.5853365384615384 0.9266826923076923 0.09615384615384616 0.14423076923076922