291 0.41346153846153844 0.12379807692307693 0.12259615384615384 0.08653846153846154
291 0.6165865384615384 0.1201923076923077 0.125 0.0889423076923077
266 0.6141826923076923 0.25961538461538464 0.12259615384615384 0.08413461538461539
113 0.6117788461538461 0.3449519230769231 0.11538461538461539 0.07932692307692307
111 0.6105769230769231 0.42908653846153844 0.11298076923076923 0.07451923076923077
110 0.6105769230769231 0.5084134615384616 0.11298076923076923 0.07692307692307693
99 0.6105769230769231 0.5877403846153846 0.11298076923076923 0.06971153846153846
85 0.6105769230769231 0.6610576923076923 0.11298076923076923 0.07451923076923077
72 0.41947115384615385 0.3449519230769231 0.11538461538461539 0.07932692307692307
53 0.4230769230769231 0.43028846153846156 0.10817307692307693 0.07451923076923077
35 0.4230769230769231 0.5072115384615384 0.10817307692307693 0.07451923076923077
9 0.42427884615384615 0.5841346153846154 0.10336538461538461 0.06971153846153846
120 0.4254807692307692 0.6610576923076923 0.10336538461538461 0.0673076923076923
121 0.4254807692307692 0.734375 0.10336538461538461 0.0673076923076923
266 0.43028846153846156 0.8088942307692307 0.0985576923076923 0.0673076923076923