259 0.47596153846153844 0.4254807692307692 0.026442307692307692 0.026442307692307692
38 0.47836538461538464 0.5120192307692307 0.026442307692307692 0.028846153846153848
37 0.47836538461538464 0.5408653846153846 0.028846153846153848 0.028846153846153848
36 0.47836538461538464 0.5709134615384616 0.028846153846153848 0.028846153846153848
28 0.47836538461538464 0.6009615384615384 0.028846153846153848 0.03125
26 0.47836538461538464 0.6298076923076923 0.028846153846153848 0.028846153846153848
25 0.47836538461538464 0.6586538461538461 0.028846153846153848 0.028846153846153848
24 0.47836538461538464 0.6887019230769231 0.028846153846153848 0.028846153846153848
23 0.47836538461538464 0.71875 0.028846153846153848 0.028846153846153848
22 0.4795673076923077 0.7475961538461539 0.028846153846153848 0.028846153846153848
20 0.4795673076923077 0.7776442307692307 0.03125 0.03365384615384615
16 0.47836538461538464 0.8076923076923077 0.028846153846153848 0.03365384615384615
11 0.39903846153846156 0.5144230769230769 0.03125 0.026442307692307692
10 0.40024038461538464 0.5456730769230769 0.03125 0.028846153846153848
113 0.40024038461538464 0.5769230769230769 0.03125 0.028846153846153848
110 0.40024038461538464 0.609375 0.03125 0.028846153846153848
99 0.40024038461538464 0.640625 0.03125 0.028846153846153848
85 0.40024038461538464 0.671875 0.03125 0.03125
72 0.40024038461538464 0.7019230769230769 0.028846153846153848 0.028846153846153848
53 0.40024038461538464 0.734375 0.03125 0.028846153846153848
35 0.4014423076923077 0.7668269230769231 0.03365384615384615 0.03125
9 0.40024038461538464 0.7980769230769231 0.028846153846153848 0.03125
152 0.39903846153846156 0.8293269230769231 0.036057692307692304 0.03365384615384615
264 0.47836538461538464 0.8557692307692307 0.028846153846153848 0.03125
275 0.40024038461538464 0.8810096153846154 0.03125 0.036057692307692304
260 0.4375 0.9555288461538461 0.03365384615384615 0.03125