263 0.5288461538461539 0.026442307692307692 0.04807692307692308 0.052884615384615384
113 0.5264423076923077 0.16346153846153846 0.05048076923076923 0.09375
111 0.5240384615384616 0.2668269230769231 0.05048076923076923 0.09134615384615384
110 0.5216346153846154 0.36658653846153844 0.04807692307692308 0.08653846153846154
99 0.5204326923076923 0.4651442307692308 0.04807692307692308 0.08653846153846154
85 0.5192307692307693 0.5600961538461539 0.04807692307692308 0.08653846153846154
72 0.5180288461538461 0.6526442307692307 0.04807692307692308 0.08653846153846154
53 0.4567307692307692 0.15865384615384615 0.052884615384615384 0.09615384615384616
35 0.45552884615384615 0.2644230769230769 0.05048076923076923 0.09375
9 0.4543269230769231 0.36778846153846156 0.05048076923076923 0.09134615384615384
120 0.453125 0.4675480769230769 0.05048076923076923 0.0889423076923077
121 0.453125 0.5661057692307693 0.04807692307692308 0.09134615384615384
122 0.4519230769230769 0.6622596153846154 0.05048076923076923 0.0889423076923077
291 0.5132211538461539 0.8713942307692307 0.040865384615384616 0.07932692307692307
289 0.45072115384615385 0.8846153846153846 0.04326923076923077 0.07932692307692307