56 0.49038461538461536 0.08774038461538461 0.04807692307692308 0.06009615384615385
55 0.6490384615384616 0.171875 0.04807692307692308 0.06009615384615385
54 0.6454326923076923 0.24278846153846154 0.04807692307692308 0.055288461538461536
47 0.6430288461538461 0.3112980769230769 0.04567307692307692 0.055288461538461536
46 0.6394230769230769 0.3762019230769231 0.04807692307692308 0.052884615384615384
44 0.6382211538461539 0.4411057692307692 0.04567307692307692 0.052884615384615384
43 0.6358173076923077 0.5036057692307693 0.04326923076923077 0.05048076923076923
42 0.6334134615384616 0.5637019230769231 0.04326923076923077 0.05048076923076923
41 0.5853365384615384 0.171875 0.04807692307692308 0.06009615384615385
39 0.5829326923076923 0.24278846153846154 0.04567307692307692 0.055288461538461536
38 0.5817307692307693 0.31009615384615385 0.04326923076923077 0.052884615384615384
37 0.5805288461538461 0.3762019230769231 0.04326923076923077 0.05048076923076923
36 0.578125 0.4411057692307692 0.04326923076923077 0.052884615384615384
28 0.5769230769230769 0.5024038461538461 0.04326923076923077 0.05048076923076923
26 0.5745192307692307 0.5625 0.04326923076923077 0.04807692307692308
25 0.5216346153846154 0.17067307692307693 0.04807692307692308 0.06009615384615385
24 0.5216346153846154 0.2403846153846154 0.04567307692307692 0.055288461538461536
23 0.5204326923076923 0.3088942307692308 0.04326923076923077 0.052884615384615384
22 0.5204326923076923 0.375 0.04326923076923077 0.05048076923076923
20 0.5192307692307693 0.43990384615384615 0.04326923076923077 0.05048076923076923
16 0.5180288461538461 0.5012019230769231 0.04326923076923077 0.05048076923076923
11 0.5180288461538461 0.5612980769230769 0.04326923076923077 0.05048076923076923
10 0.45913461538461536 0.16826923076923078 0.04807692307692308 0.06009615384615385
113 0.45913461538461536 0.2403846153846154 0.04807692307692308 0.057692307692307696
111 0.45913461538461536 0.3088942307692308 0.04807692307692308 0.055288461538461536
110 0.46033653846153844 0.375 0.04807692307692308 0.055288461538461536
99 0.46033653846153844 0.4387019230769231 0.04567307692307692 0.052884615384615384
85 0.46033653846153844 0.5 0.04326923076923077 0.05048076923076923
72 0.46033653846153844 0.5600961538461539 0.04326923076923077 0.04807692307692308
53 0.4879807692307692 0.625 0.04326923076923077 0.04807692307692308
35 0.4879807692307692 0.6814903846153846 0.04326923076923077 0.04807692307692308
9 0.4879807692307692 0.7391826923076923 0.040865384615384616 0.04567307692307692
275 0.4879807692307692 0.8088942307692307 0.040865384615384616 0.04326923076923077
264 0.5961538461538461 0.8100961538461539 0.040865384615384616 0.04326923076923077
266 0.5432692307692307 0.8161057692307693 0.05048076923076923 0.09375