263 0.375 0.15985576923076922 0.12980769230769232 0.10576923076923077
259 0.5360576923076923 0.17307692307692307 0.1201923076923077 0.0985576923076923
113 0.5348557692307693 0.2980769230769231 0.11778846153846154 0.09375
111 0.38221153846153844 0.2956730769230769 0.12740384615384615 0.09375
110 0.5384615384615384 0.4050480769230769 0.11538461538461539 0.09375
99 0.3870192307692308 0.40865384615384615 0.12259615384615384 0.09615384615384616
85 0.5360576923076923 0.5084134615384616 0.10576923076923077 0.08653846153846154
72 0.3918269230769231 0.5180288461538461 0.11778846153846154 0.0889423076923077
53 0.5408653846153846 0.6081730769230769 0.10336538461538461 0.07932692307692307
35 0.3954326923076923 0.6201923076923077 0.11298076923076923 0.08413461538461539
9 0.5396634615384616 0.7019230769230769 0.10576923076923077 0.07932692307692307
152 0.39903846153846156 0.7199519230769231 0.11538461538461539 0.08413461538461539
264 0.5360576923076923 0.8028846153846154 0.10096153846153846 0.07932692307692307
275 0.4026442307692308 0.8233173076923077 0.11298076923076923 0.08413461538461539
272 0.47475961538461536 0.9615384615384616 0.08413461538461539 0.052884615384615384