265 0.46153846153846156 0.28966346153846156 0.021634615384615384 0.021634615384615384
366 0.5769230769230769 0.3004807692307692 0.019230769230769232 0.021634615384615384
270 0.4735576923076923 0.33413461538461536 0.014423076923076924 0.014423076923076924
270 0.49278846153846156 0.33653846153846156 0.014423076923076924 0.014423076923076924
270 0.5120192307692307 0.33774038461538464 0.01201923076923077 0.01201923076923077
270 0.5288461538461539 0.3389423076923077 0.01201923076923077 0.01201923076923077
270 0.5480769230769231 0.3401442307692308 0.01201923076923077 0.01201923076923077
270 0.5649038461538461 0.34134615384615385 0.009615384615384616 0.01201923076923077
270 0.5817307692307693 0.3425480769230769 0.009615384615384616 0.01201923076923077
270 0.4543269230769231 0.3545673076923077 0.01201923076923077 0.014423076923076924
270 0.4735576923076923 0.3557692307692308 0.016826923076923076 0.014423076923076924
270 0.49278846153846156 0.3557692307692308 0.014423076923076924 0.01201923076923077
270 0.5108173076923077 0.35697115384615385 0.01201923076923077 0.009615384615384616
270 0.5288461538461539 0.3581730769230769 0.01201923076923077 0.01201923076923077
270 0.546875 0.359375 0.01201923076923077 0.01201923076923077
270 0.5649038461538461 0.359375 0.01201923076923077 0.01201923076923077
270 0.5817307692307693 0.36177884615384615 0.01201923076923077 0.01201923076923077
22 0.5516826923076923 0.45072115384615385 0.019230769230769232 0.016826923076923076
20 0.5516826923076923 0.47475961538461536 0.019230769230769232 0.014423076923076924
16 0.5516826923076923 0.5 0.019230769230769232 0.016826923076923076
11 0.5504807692307693 0.5252403846153846 0.019230769230769232 0.016826923076923076
10 0.5504807692307693 0.5504807692307693 0.019230769230769232 0.016826923076923076
113 0.5504807692307693 0.5745192307692307 0.019230769230769232 0.016826923076923076
260 0.5492788461538461 0.5997596153846154 0.019230769230769232 0.016826923076923076
110 0.4855769230769231 0.45072115384615385 0.021634615384615384 0.019230769230769232
99 0.4855769230769231 0.47596153846153844 0.021634615384615384 0.016826923076923076
85 0.48677884615384615 0.5024038461538461 0.021634615384615384 0.016826923076923076
72 0.4855769230769231 0.5288461538461539 0.019230769230769232 0.016826923076923076
53 0.4855769230769231 0.5552884615384616 0.021634615384615384 0.019230769230769232
35 0.484375 0.5793269230769231 0.021634615384615384 0.016826923076923076
9 0.4855769230769231 0.6057692307692307 0.02403846153846154 0.016826923076923076
152 0.484375 0.6310096153846154 0.019230769230769232 0.016826923076923076
260 0.5552884615384616 0.6766826923076923 0.019230769230769232 0.019230769230769232
260 0.47475961538461536 0.6875 0.02403846153846154 0.019230769230769232
260 0.5552884615384616 0.7043269230769231 0.019230769230769232 0.019230769230769232
260 0.4735576923076923 0.7163461538461539 0.019230769230769232 0.016826923076923076
260 0.515625 0.7379807692307693 0.019230769230769232 0.019230769230769232
260 0.5540865384615384 0.7596153846153846 0.021634615384615384 0.016826923076923076
260 0.47475961538461536 0.7752403846153846 0.02403846153846154 0.019230769230769232
272 0.5528846153846154 0.8461538461538461 0.019230769230769232 0.021634615384615384
272 0.4723557692307692 0.8653846153846154 0.021634615384615384 0.019230769230769232
260 0.47475961538461536 0.8341346153846154 0.02403846153846154 0.019230769230769232
260 0.5504807692307693 0.8149038461538461 0.019230769230769232 0.019230769230769232
298 0.5192307692307693 0.390625 0.019230769230769232 0.019230769230769232