113 0.4987980769230769 0.22596153846153846 0.028846153846153848 0.055288461538461536
111 0.5552884615384616 0.31850961538461536 0.028846153846153848 0.05048076923076923
110 0.5 0.32091346153846156 0.03125 0.052884615384615384
99 0.5552884615384616 0.4110576923076923 0.028846153846153848 0.05048076923076923
85 0.5012019230769231 0.41466346153846156 0.028846153846153848 0.05048076923076923
72 0.5564903846153846 0.5012019230769231 0.028846153846153848 0.04807692307692308
53 0.5024038461538461 0.5060096153846154 0.028846153846153848 0.05048076923076923
35 0.5564903846153846 0.5889423076923077 0.028846153846153848 0.04807692307692308
9 0.5024038461538461 0.5961538461538461 0.028846153846153848 0.052884615384615384
275 0.5036057692307693 0.6911057692307693 0.028846153846153848 0.05048076923076923
264 0.5564903846153846 0.6838942307692307 0.028846153846153848 0.05048076923076923