16 0.5889423076923077 0.12379807692307693 0.11298076923076923 0.09375
11 0.5853365384615384 0.2247596153846154 0.11298076923076923 0.09134615384615384
10 0.5829326923076923 0.3245192307692308 0.10817307692307693 0.09134615384615384
113 0.5829326923076923 0.42427884615384615 0.10096153846153846 0.08173076923076923
111 0.5769230769230769 0.5108173076923077 0.10336538461538461 0.08413461538461539
110 0.5757211538461539 0.5901442307692307 0.0985576923076923 0.07692307692307693
99 0.4110576923076923 0.23076923076923078 0.11057692307692307 0.09134615384615384
85 0.41346153846153844 0.3245192307692308 0.11057692307692307 0.07451923076923077
72 0.41346153846153844 0.4230769230769231 0.10576923076923077 0.08413461538461539
53 0.41466346153846156 0.5108173076923077 0.10336538461538461 0.0889423076923077
35 0.4182692307692308 0.5961538461538461 0.0985576923076923 0.07932692307692307
9 0.41947115384615385 0.6754807692307693 0.09375 0.07692307692307693
152 0.421875 0.7512019230769231 0.0985576923076923 0.06971153846153846
260 0.421875 0.8449519230769231 0.10096153846153846 0.07451923076923077
264 0.5673076923076923 0.8461538461538461 0.0985576923076923 0.07932692307692307