273 0.46153846153846156 0.12980769230769232 0.17307692307692307 0.0625
273 0.46153846153846156 0.1814903846153846 0.17067307692307693 0.06009615384615385
263 0.4014423076923077 0.6802884615384616 0.10817307692307693 0.03125
259 0.5204326923076923 0.6742788461538461 0.10096153846153846 0.03125
275 0.4014423076923077 0.734375 0.10817307692307693 0.03125
16 0.4014423076923077 0.7620192307692307 0.10817307692307693 0.026442307692307692
10 0.4014423076923077 0.7896634615384616 0.10817307692307693 0.026442307692307692
111 0.4014423076923077 0.8173076923076923 0.10817307692307693 0.026442307692307692
99 0.4014423076923077 0.84375 0.10817307692307693 0.026442307692307692
72 0.4014423076923077 0.8701923076923077 0.10817307692307693 0.026442307692307692
35 0.4014423076923077 0.8954326923076923 0.10817307692307693 0.026442307692307692
264 0.5204326923076923 0.7271634615384616 0.10096153846153846 0.028846153846153848
11 0.5204326923076923 0.7548076923076923 0.10096153846153846 0.028846153846153848
113 0.5204326923076923 0.78125 0.10096153846153846 0.028846153846153848
110 0.5204326923076923 0.8076923076923077 0.10096153846153846 0.028846153846153848
85 0.5204326923076923 0.8341346153846154 0.10096153846153846 0.028846153846153848
53 0.5204326923076923 0.8605769230769231 0.10096153846153846 0.026442307692307692
9 0.5204326923076923 0.8858173076923077 0.10096153846153846 0.026442307692307692