354 0.3088942307692308 0.30288461538461536 0.07692307692307693 0.055288461538461536
300 0.5180288461538461 0.32211538461538464 0.06490384615384616 0.04567307692307692
331 0.6045673076923077 0.33052884615384615 0.0625 0.04326923076923077
290 0.34134615384615385 0.40024038461538464 0.05048076923076923 0.04326923076923077
290 0.5745192307692307 0.4074519230769231 0.04567307692307692 0.036057692307692304
99 0.3425480769230769 0.49278846153846156 0.07932692307692307 0.0673076923076923
85 0.5733173076923077 0.4855769230769231 0.055288461538461536 0.052884615384615384
85 0.34375 0.5721153846153846 0.07932692307692307 0.06009615384615385
53 0.5733173076923077 0.5588942307692307 0.06009615384615385 0.055288461538461536
35 0.34615384615384615 0.65625 0.06971153846153846 0.057692307692307696
9 0.5745192307692307 0.6274038461538461 0.05048076923076923 0.04807692307692308
323 0.7560096153846154 0.3449519230769231 0.057692307692307696 0.038461538461538464
323 0.8185096153846154 0.3485576923076923 0.052884615384615384 0.03365384615384615
323 0.9266826923076923 0.3557692307692308 0.04567307692307692 0.03365384615384615
365 0.7692307692307693 0.48197115384615385 0.040865384615384616 0.04326923076923077
365 0.9050480769230769 0.47836538461538464 0.036057692307692304 0.038461538461538464
365 0.7716346153846154 0.5456730769230769 0.04567307692307692 0.04567307692307692
365 0.9038461538461539 0.5348557692307693 0.038461538461538464 0.036057692307692304
365 0.7716346153846154 0.6045673076923077 0.038461538461538464 0.038461538461538464
365 0.90625 0.5889423076923077 0.03365384615384615 0.038461538461538464
152 0.34975961538461536 0.7379807692307693 0.08173076923076923 0.0625
365 0.9086538461538461 0.6442307692307693 0.036057692307692304 0.040865384615384616
290 0.7740384615384616 0.41586538461538464 0.04326923076923077 0.028846153846153848
290 0.9086538461538461 0.41947115384615385 0.03365384615384615 0.026442307692307692
266 0.41346153846153844 0.3173076923076923 0.06490384615384616 0.05048076923076923