275 0.47596153846153844 0.14302884615384615 0.07451923076923077 0.08173076923076923
264 0.5600961538461539 0.14182692307692307 0.06971153846153846 0.07451923076923077
365 0.5096153846153846 0.2644230769230769 0.07451923076923077 0.07692307692307693
110 0.4855769230769231 0.38100961538461536 0.07211538461538461 0.07692307692307693
111 0.5661057692307693 0.3737980769230769 0.06490384615384616 0.07692307692307693
99 0.5661057692307693 0.4675480769230769 0.06490384615384616 0.07692307692307693
85 0.48677884615384615 0.47836538461538464 0.06971153846153846 0.07451923076923077
72 0.5697115384615384 0.5625 0.0673076923076923 0.07451923076923077
53 0.49038461538461536 0.5697115384615384 0.06971153846153846 0.0673076923076923
35 0.5733173076923077 0.6550480769230769 0.06490384615384616 0.07451923076923077
9 0.49399038461538464 0.6706730769230769 0.06971153846153846 0.07451923076923077
120 0.5769230769230769 0.7475961538461539 0.06971153846153846 0.07451923076923077
121 0.4987980769230769 0.7620192307692307 0.0673076923076923 0.07451923076923077