263 0.4567307692307692 0.0673076923076923 0.03125 0.06009615384615385
323 0.453125 0.17668269230769232 0.03125 0.057692307692307696
323 0.5012019230769231 0.1814903846153846 0.028846153846153848 0.057692307692307696
37 0.5024038461538461 0.2800480769230769 0.028846153846153848 0.052884615384615384
36 0.5036057692307693 0.3389423076923077 0.028846153846153848 0.052884615384615384
28 0.5036057692307693 0.39663461538461536 0.028846153846153848 0.052884615384615384
26 0.5036057692307693 0.4567307692307692 0.028846153846153848 0.05048076923076923
25 0.5036057692307693 0.5144230769230769 0.028846153846153848 0.05048076923076923
24 0.5048076923076923 0.5733173076923077 0.026442307692307692 0.04807692307692308
23 0.5048076923076923 0.6322115384615384 0.028846153846153848 0.05048076923076923
12 0.5048076923076923 0.6887019230769231 0.028846153846153848 0.052884615384615384
16 0.5048076923076923 0.7475961538461539 0.028846153846153848 0.052884615384615384
11 0.4543269230769231 0.2776442307692308 0.028846153846153848 0.05048076923076923
10 0.4543269230769231 0.3389423076923077 0.03125 0.052884615384615384
113 0.4543269230769231 0.39663461538461536 0.03125 0.05048076923076923
111 0.4543269230769231 0.4579326923076923 0.028846153846153848 0.05048076923076923
110 0.45552884615384615 0.5180288461538461 0.028846153846153848 0.05048076923076923
99 0.45552884615384615 0.578125 0.028846153846153848 0.05048076923076923
85 0.4567307692307692 0.6382211538461539 0.028846153846153848 0.05048076923076923
266 0.4567307692307692 0.6971153846153846 0.028846153846153848 0.05048076923076923
266 0.4567307692307692 0.7560096153846154 0.028846153846153848 0.052884615384615384
266 0.4579326923076923 0.8161057692307693 0.026442307692307692 0.052884615384615384
272 0.4831730769230769 0.9399038461538461 0.019230769230769232 0.03125