291 0.2920673076923077 0.1045673076923077 0.07932692307692307 0.08413461538461539
291 0.5637019230769231 0.109375 0.08173076923076923 0.08413461538461539
232 0.4254807692307692 0.10697115384615384 0.0673076923076923 0.07211538461538461
110 0.5612980769230769 0.21033653846153846 0.06009615384615385 0.06009615384615385
99 0.2920673076923077 0.20793269230769232 0.0625 0.06490384615384616
85 0.5588942307692307 0.3112980769230769 0.06490384615384616 0.057692307692307696
72 0.29086538461538464 0.3088942307692308 0.06009615384615385 0.06009615384615385
53 0.5588942307692307 0.4110576923076923 0.06009615384615385 0.057692307692307696
35 0.2920673076923077 0.40865384615384615 0.055288461538461536 0.057692307692307696
9 0.5540865384615384 0.5060096153846154 0.06009615384615385 0.06009615384615385
119 0.2920673076923077 0.5048076923076923 0.055288461538461536 0.055288461538461536
249 0.2920673076923077 0.6935096153846154 0.06971153846153846 0.07211538461538461
134 0.546875 0.6959134615384616 0.06971153846153846 0.07451923076923077
266 0.4206730769230769 0.7512019230769231 0.10817307692307693 0.06971153846153846
291 0.41947115384615385 0.9675480769230769 0.07211538461538461 0.06490384615384616
366 0.27403846153846156 0.9158653846153846 0.05048076923076923 0.052884615384615384
265 0.5612980769230769 0.9194711538461539 0.052884615384615384 0.052884615384615384
266 0.41947115384615385 0.5997596153846154 0.08653846153846154 0.08173076923076923