266 0.5132211538461539 0.765625 0.0985576923076923 0.057692307692307696
265 0.4567307692307692 0.15384615384615385 0.06971153846153846 0.04567307692307692
366 0.5504807692307693 0.15384615384615385 0.07211538461538461 0.04326923076923077
56 0.5504807692307693 0.25 0.07211538461538461 0.04567307692307692
47 0.5504807692307693 0.32091346153846156 0.06971153846153846 0.04326923076923077
43 0.5516826923076923 0.3894230769230769 0.06971153846153846 0.040865384615384616
39 0.5528846153846154 0.4567307692307692 0.06971153846153846 0.038461538461538464
36 0.5516826923076923 0.5216346153846154 0.06971153846153846 0.038461538461538464
25 0.5528846153846154 0.5841346153846154 0.0673076923076923 0.036057692307692304
22 0.46033653846153844 0.25 0.07211538461538461 0.04567307692307692
11 0.46153846153846156 0.32091346153846156 0.06971153846153846 0.04326923076923077
111 0.46274038461538464 0.3894230769230769 0.06971153846153846 0.038461538461538464
85 0.4651442307692308 0.4579326923076923 0.06971153846153846 0.038461538461538464
35 0.46634615384615385 0.5228365384615384 0.06971153846153846 0.038461538461538464
152 0.4699519230769231 0.5865384615384616 0.0673076923076923 0.038461538461538464