260 0.15985576923076922 0.39302884615384615 0.040865384615384616 0.07451923076923077
264 0.24278846153846154 0.3918269230769231 0.040865384615384616 0.07692307692307693
275 0.24278846153846154 0.5096153846153846 0.040865384615384616 0.07692307692307693
9 0.3076923076923077 0.3942307692307692 0.040865384615384616 0.07451923076923077
260 0.4387019230769231 0.3954326923076923 0.04326923076923077 0.07451923076923077
260 0.5036057692307693 0.3954326923076923 0.04326923076923077 0.07451923076923077
260 0.5697115384615384 0.39663461538461536 0.04326923076923077 0.07211538461538461
11 0.6346153846153846 0.39663461538461536 0.04326923076923077 0.06971153846153846
16 0.6346153846153846 0.5132211538461539 0.04326923076923077 0.07451923076923077
260 0.5697115384615384 0.5132211538461539 0.04326923076923077 0.07211538461538461
260 0.5036057692307693 0.5132211538461539 0.04326923076923077 0.07451923076923077
260 0.4387019230769231 0.5108173076923077 0.04326923076923077 0.07451923076923077
260 0.3737980769230769 0.5108173076923077 0.04326923076923077 0.07211538461538461
260 0.3076923076923077 0.5096153846153846 0.04326923076923077 0.07451923076923077
131 0.078125 0.39302884615384615 0.04326923076923077 0.07211538461538461
23 0.7704326923076923 0.39903846153846156 0.040865384615384616 0.07451923076923077
24 0.7692307692307693 0.5168269230769231 0.04326923076923077 0.07451923076923077
260 0.7019230769230769 0.39783653846153844 0.04326923076923077 0.07451923076923077
260 0.7019230769230769 0.5168269230769231 0.04326923076923077 0.07451923076923077
260 0.3737980769230769 0.3942307692307692 0.04567307692307692 0.07692307692307693