113 0.7043269230769231 0.05889423076923077 0.125 0.11778846153846154
99 0.6802884615384616 0.2283653846153846 0.12259615384615384 0.1658653846153846
85 0.5504807692307693 0.22235576923076922 0.12740384615384615 0.17067307692307693
53 0.40384615384615385 0.21514423076923078 0.13221153846153846 0.18269230769230768
35 0.6526442307692307 0.4026442307692308 0.12259615384615384 0.1466346153846154
9 0.5276442307692307 0.40625 0.125 0.15384615384615385
152 0.3942307692307692 0.4110576923076923 0.12980769230769232 0.1658653846153846
120 0.6310096153846154 0.5564903846153846 0.11538461538461539 0.13701923076923078
121 0.515625 0.5673076923076923 0.11538461538461539 0.13942307692307693
122 0.3870192307692308 0.5829326923076923 0.11538461538461539 0.14182692307692307
275 0.3786057692307692 0.7680288461538461 0.11538461538461539 0.13701923076923078
259 0.4963942307692308 0.7463942307692307 0.10336538461538461 0.12740384615384615
264 0.6057692307692307 0.7295673076923077 0.10096153846153846 0.12259615384615384
261 0.48677884615384615 0.875 0.09615384615384616 0.11778846153846154