263 0.2920673076923077 0.23317307692307693 0.36538461538461536 0.10096153846153846
259 0.7043269230769231 0.22596153846153846 0.3317307692307692 0.09615384615384616
275 0.3076923076923077 0.41586538461538464 0.33413461538461536 0.08173076923076923
264 0.6790865384615384 0.4014423076923077 0.2956730769230769 0.08173076923076923
16 0.3137019230769231 0.49278846153846156 0.31490384615384615 0.07451923076923077
10 0.32091346153846156 0.5637019230769231 0.2980769230769231 0.06490384615384616
111 0.3269230769230769 0.6274038461538461 0.28846153846153844 0.0625
152 0.3329326923076923 0.6887019230769231 0.27403846153846156 0.06009615384615385
72 0.33774038461538464 0.7451923076923077 0.2644230769230769 0.055288461538461536
35 0.3425480769230769 0.7992788461538461 0.25721153846153844 0.052884615384615384
11 0.671875 0.47596153846153844 0.28125 0.06971153846153846
113 0.6610576923076923 0.5444711538461539 0.27163461538461536 0.06490384615384616
110 0.6526442307692307 0.6069711538461539 0.2644230769230769 0.0625
85 0.6454326923076923 0.6670673076923077 0.2548076923076923 0.055288461538461536
53 0.640625 0.7211538461538461 0.24759615384615385 0.055288461538461536
9 0.6358173076923077 0.7740384615384616 0.24278846153846154 0.0625