273 0.47716346153846156 0.22235576923076922 0.12259615384615384 0.13701923076923078
260 0.4375 0.3269230769230769 0.040865384615384616 0.036057692307692304
259 0.48197115384615385 0.37740384615384615 0.040865384615384616 0.03365384615384615
323 0.4387019230769231 0.42788461538461536 0.040865384615384616 0.03365384615384615
323 0.5252403846153846 0.4254807692307692 0.038461538461538464 0.03365384615384615
16 0.5252403846153846 0.48197115384615385 0.038461538461538464 0.03125
11 0.5252403846153846 0.5168269230769231 0.038461538461538464 0.028846153846153848
10 0.5264423076923077 0.5516826923076923 0.038461538461538464 0.028846153846153848
113 0.5264423076923077 0.5841346153846154 0.03365384615384615 0.028846153846153848
111 0.5264423076923077 0.6189903846153846 0.03365384615384615 0.028846153846153848
110 0.5264423076923077 0.6526442307692307 0.036057692307692304 0.028846153846153848
99 0.43990384615384615 0.48677884615384615 0.04326923076923077 0.03125
85 0.43990384615384615 0.5228365384615384 0.040865384615384616 0.03125
72 0.4411057692307692 0.5588942307692307 0.040865384615384616 0.028846153846153848
53 0.4423076923076923 0.59375 0.038461538461538464 0.03125
35 0.4423076923076923 0.6274038461538461 0.040865384615384616 0.03365384615384615
9 0.4423076923076923 0.6634615384615384 0.040865384615384616 0.03125
8 0.44350961538461536 0.6983173076923077 0.038461538461538464 0.03125
272 0.484375 0.7415865384615384 0.026442307692307692 0.021634615384615384
266 0.5240384615384616 0.33052884615384615 0.03365384615384615 0.028846153846153848