273 0.4543269230769231 0.23076923076923078 0.06971153846153846 0.0625
366 0.45913461538461536 0.7752403846153846 0.04807692307692308 0.038461538461538464
265 0.45913461538461536 0.8581730769230769 0.04807692307692308 0.036057692307692304
23 0.45552884615384615 0.3004807692307692 0.06971153846153846 0.036057692307692304
16 0.45552884615384615 0.3293269230769231 0.06971153846153846 0.036057692307692304
11 0.4567307692307692 0.359375 0.06971153846153846 0.036057692307692304
10 0.4567307692307692 0.38822115384615385 0.06971153846153846 0.036057692307692304
113 0.4567307692307692 0.41586538461538464 0.06971153846153846 0.036057692307692304
111 0.4567307692307692 0.44350961538461536 0.06971153846153846 0.036057692307692304
110 0.4567307692307692 0.47115384615384615 0.06971153846153846 0.036057692307692304
99 0.4567307692307692 0.4963942307692308 0.06971153846153846 0.036057692307692304
85 0.4567307692307692 0.5240384615384616 0.06971153846153846 0.03365384615384615
53 0.4567307692307692 0.5504807692307693 0.06971153846153846 0.03365384615384615
35 0.4567307692307692 0.578125 0.06971153846153846 0.036057692307692304
9 0.4567307692307692 0.6057692307692307 0.06971153846153846 0.03365384615384615
187 0.4567307692307692 0.6298076923076923 0.06971153846153846 0.036057692307692304
152 0.4579326923076923 0.65625 0.06971153846153846 0.036057692307692304