80 0.24158653846153846 0.2127403846153846 0.036057692307692304 0.04567307692307692
79 0.19230769230769232 0.21153846153846154 0.040865384615384616 0.04807692307692308
78 0.33653846153846156 0.27884615384615385 0.040865384615384616 0.05048076923076923
76 0.28966346153846156 0.27884615384615385 0.038461538461538464 0.04807692307692308
75 0.24278846153846154 0.2800480769230769 0.038461538461538464 0.04567307692307692
74 0.1935096153846154 0.2824519230769231 0.04326923076923077 0.04807692307692308
73 0.33774038461538464 0.3425480769230769 0.04326923076923077 0.04807692307692308
64 0.29086538461538464 0.3449519230769231 0.04326923076923077 0.04807692307692308
63 0.24278846153846154 0.34615384615384615 0.04326923076923077 0.04807692307692308
62 0.19591346153846154 0.3473557692307692 0.04567307692307692 0.05048076923076923
61 0.33533653846153844 0.4050480769230769 0.04326923076923077 0.04807692307692308
60 0.28846153846153844 0.4074519230769231 0.040865384615384616 0.04807692307692308
57 0.24278846153846154 0.4098557692307692 0.04326923076923077 0.05048076923076923
56 0.19591346153846154 0.41225961538461536 0.04326923076923077 0.05048076923076923
55 0.33533653846153844 0.46634615384615385 0.04326923076923077 0.04807692307692308
54 0.29086538461538464 0.4699519230769231 0.04326923076923077 0.04807692307692308
47 0.24278846153846154 0.47475961538461536 0.040865384615384616 0.05048076923076923
46 0.1971153846153846 0.47836538461538464 0.04326923076923077 0.052884615384615384
44 0.33533653846153844 0.5276442307692307 0.04326923076923077 0.04807692307692308
43 0.28966346153846156 0.53125 0.04326923076923077 0.04807692307692308
42 0.24519230769230768 0.5372596153846154 0.038461538461538464 0.05048076923076923
39 0.19831730769230768 0.5396634615384616 0.04326923076923077 0.05048076923076923
38 0.33533653846153844 0.5865384615384616 0.04326923076923077 0.04807692307692308
37 0.29086538461538464 0.5913461538461539 0.038461538461538464 0.04807692307692308
36 0.24519230769230768 0.5949519230769231 0.04326923076923077 0.04567307692307692
28 0.19831730769230768 0.5985576923076923 0.040865384615384616 0.04807692307692308
26 0.33533653846153844 0.6466346153846154 0.038461538461538464 0.04807692307692308
25 0.29086538461538464 0.6514423076923077 0.038461538461538464 0.04807692307692308
24 0.24519230769230768 0.6574519230769231 0.04326923076923077 0.04807692307692308
23 0.19951923076923078 0.6598557692307693 0.038461538461538464 0.04807692307692308
16 0.33533653846153844 0.703125 0.038461538461538464 0.04567307692307692
11 0.29086538461538464 0.7115384615384616 0.038461538461538464 0.04326923076923077
10 0.24519230769230768 0.7151442307692307 0.036057692307692304 0.04326923076923077
260 0.20072115384615385 0.71875 0.036057692307692304 0.04567307692307692
149 0.24759615384615385 0.7716346153846154 0.040865384615384616 0.040865384615384616
195 0.20192307692307693 0.7800480769230769 0.038461538461538464 0.04326923076923077
365 0.6983173076923077 0.19951923076923078 0.036057692307692304 0.04567307692307692
365 0.7367788461538461 0.19951923076923078 0.038461538461538464 0.04567307692307692
365 0.7355769230769231 0.2620192307692308 0.038461538461538464 0.04326923076923077
365 0.6935096153846154 0.2620192307692308 0.038461538461538464 0.04326923076923077
365 0.6526442307692307 0.2644230769230769 0.038461538461538464 0.04326923076923077
365 0.6105769230769231 0.2644230769230769 0.038461538461538464 0.040865384615384616
365 0.7307692307692307 0.32091346153846156 0.036057692307692304 0.04567307692307692
365 0.6923076923076923 0.32211538461538464 0.038461538461538464 0.04567307692307692
365 0.6490384615384616 0.32572115384615385 0.038461538461538464 0.04567307692307692
365 0.6057692307692307 0.328125 0.038461538461538464 0.04567307692307692
365 0.7259615384615384 0.3798076923076923 0.038461538461538464 0.04567307692307692
365 0.6862980769230769 0.38100961538461536 0.038461538461538464 0.04567307692307692
365 0.6430288461538461 0.38461538461538464 0.038461538461538464 0.04567307692307692
365 0.6033653846153846 0.38822115384615385 0.040865384615384616 0.04807692307692308
365 0.7235576923076923 0.43509615384615385 0.038461538461538464 0.040865384615384616
365 0.6826923076923077 0.43990384615384615 0.038461538461538464 0.04326923076923077
365 0.640625 0.4423076923076923 0.038461538461538464 0.040865384615384616
365 0.5997596153846154 0.44591346153846156 0.036057692307692304 0.040865384615384616
365 0.7199519230769231 0.49399038461538464 0.038461538461538464 0.04326923076923077
365 0.6790865384615384 0.49759615384615385 0.038461538461538464 0.04326923076923077
365 0.6394230769230769 0.5 0.040865384615384616 0.040865384615384616
365 0.5973557692307693 0.5036057692307693 0.038461538461538464 0.040865384615384616
365 0.7175480769230769 0.5504807692307693 0.038461538461538464 0.04326923076923077
365 0.6778846153846154 0.5540865384615384 0.038461538461538464 0.04326923076923077
365 0.6370192307692307 0.5564903846153846 0.038461538461538464 0.04326923076923077
365 0.5949519230769231 0.5612980769230769 0.038461538461538464 0.040865384615384616
365 0.7151442307692307 0.6057692307692307 0.03365384615384615 0.038461538461538464
365 0.6742788461538461 0.6081730769230769 0.036057692307692304 0.038461538461538464
365 0.6346153846153846 0.6129807692307693 0.036057692307692304 0.040865384615384616
365 0.59375 0.6153846153846154 0.038461538461538464 0.04326923076923077
365 0.671875 0.6634615384615384 0.038461538461538464 0.04326923076923077
365 0.6322115384615384 0.6682692307692307 0.038461538461538464 0.04326923076923077
365 0.5913461538461539 0.6754807692307693 0.040865384615384616 0.04326923076923077
365 0.6694711538461539 0.7175480769230769 0.036057692307692304 0.038461538461538464
365 0.7079326923076923 0.7127403846153846 0.03365384615384615 0.038461538461538464
260 0.7127403846153846 0.6598557692307693 0.03125 0.040865384615384616