273 0.49399038461538464 0.18389423076923078 0.1875 0.23076923076923078
9 0.44591346153846156 0.484375 0.04807692307692308 0.0985576923076923
35 0.4987980769230769 0.47836538461538464 0.04807692307692308 0.09375
53 0.5492788461538461 0.4675480769230769 0.04567307692307692 0.09134615384615384
72 0.4483173076923077 0.5889423076923077 0.04567307692307692 0.0889423076923077
85 0.4987980769230769 0.5769230769230769 0.040865384615384616 0.0889423076923077
99 0.5492788461538461 0.5685096153846154 0.04326923076923077 0.09134615384615384
110 0.4495192307692308 0.6850961538461539 0.04567307692307692 0.09375
111 0.5 0.6742788461538461 0.04326923076923077 0.09134615384615384
113 0.5480769230769231 0.6634615384615384 0.04326923076923077 0.09375
0 0.4495192307692308 0.7788461538461539 0.04326923076923077 0.0889423076923077
8 0.4987980769230769 0.7668269230769231 0.040865384615384616 0.08653846153846154
131 0.546875 0.7524038461538461 0.04326923076923077 0.09134615384615384