273 0.4579326923076923 0.4411057692307692 0.12740384615384615 0.057692307692307696
259 0.5144230769230769 0.5396634615384616 0.038461538461538464 0.03125
266 0.4182692307692308 0.5432692307692307 0.038461538461538464 0.03365384615384615
260 0.515625 0.6117788461538461 0.038461538461538464 0.036057692307692304
85 0.42427884615384615 0.6201923076923077 0.038461538461538464 0.028846153846153848
72 0.5192307692307693 0.6610576923076923 0.038461538461538464 0.028846153846153848
53 0.4266826923076923 0.671875 0.038461538461538464 0.028846153846153848
35 0.5204326923076923 0.7115384615384616 0.038461538461538464 0.03125
152 0.4266826923076923 0.7223557692307693 0.036057692307692304 0.028846153846153848
275 0.5228365384615384 0.8317307692307693 0.036057692307692304 0.03125
272 0.43149038461538464 0.7980769230769231 0.055288461538461536 0.04567307692307692
260 0.5252403846153846 0.7824519230769231 0.055288461538461536 0.04326923076923077
323 0.43149038461538464 0.8461538461538461 0.036057692307692304 0.028846153846153848