47 0.5204326923076923 0.14423076923076922 0.25 0.10336538461538461
46 0.78125 0.2548076923076923 0.22596153846153846 0.09615384615384616
44 0.5204326923076923 0.24639423076923078 0.25240384615384615 0.09615384615384616
43 0.23918269230769232 0.24278846153846154 0.2548076923076923 0.10336538461538461
42 0.7740384615384616 0.3473557692307692 0.22355769230769232 0.08653846153846154
41 0.5192307692307693 0.34615384615384615 0.24759615384615385 0.09615384615384616
39 0.24759615384615385 0.3473557692307692 0.25 0.0985576923076923
38 0.7680288461538461 0.4411057692307692 0.22355769230769232 0.08653846153846154
37 0.5168269230769231 0.44350961538461536 0.24278846153846154 0.08653846153846154
36 0.25 0.44591346153846156 0.25240384615384615 0.0889423076923077
28 0.7608173076923077 0.5288461538461539 0.22115384615384615 0.0889423076923077
26 0.5132211538461539 0.5324519230769231 0.23557692307692307 0.08413461538461539
25 0.25600961538461536 0.5408653846153846 0.2403846153846154 0.09134615384615384
24 0.7560096153846154 0.6129807692307693 0.21634615384615385 0.08173076923076923
23 0.515625 0.6201923076923077 0.22596153846153846 0.08173076923076923
22 0.26322115384615385 0.6298076923076923 0.23557692307692307 0.0889423076923077
20 0.75 0.6923076923076923 0.21153846153846154 0.07932692307692307
16 0.5132211538461539 0.7019230769230769 0.22355769230769232 0.07932692307692307
72 0.2692307692307692 0.7127403846153846 0.23076923076923078 0.07932692307692307
53 0.7451923076923077 0.7692307692307693 0.20192307692307693 0.07451923076923077
35 0.5132211538461539 0.7800480769230769 0.22355769230769232 0.08173076923076923
277 0.27524038461538464 0.7932692307692307 0.23076923076923078 0.08173076923076923
275 0.3317307692307692 0.8858173076923077 0.22355769230769232 0.07692307692307693
264 0.6911057692307693 0.8629807692307693 0.19471153846153846 0.08173076923076923
259 0.5144230769230769 0.9411057692307693 0.20192307692307693 0.07451923076923077