273 0.44350961538461536 0.06490384615384616 0.13221153846153846 0.11298076923076923
23 0.48677884615384615 0.22115384615384615 0.04326923076923077 0.08413461538461539
22 0.4879807692307692 0.3125 0.04326923076923077 0.0889423076923077
20 0.4891826923076923 0.4014423076923077 0.04326923076923077 0.08653846153846154
16 0.49038461538461536 0.4951923076923077 0.040865384615384616 0.0889423076923077
11 0.49278846153846156 0.5853365384615384 0.040865384615384616 0.08413461538461539
10 0.49399038461538464 0.6802884615384616 0.040865384615384616 0.08173076923076923
113 0.4951923076923077 0.7716346153846154 0.038461538461538464 0.08413461538461539
111 0.40625 0.20432692307692307 0.04567307692307692 0.08653846153846154
110 0.40865384615384615 0.3016826923076923 0.04567307692307692 0.08653846153846154
99 0.40865384615384615 0.39783653846153844 0.04567307692307692 0.08413461538461539
85 0.4098557692307692 0.49399038461538464 0.04326923076923077 0.07932692307692307
72 0.4110576923076923 0.5925480769230769 0.040865384615384616 0.08413461538461539
53 0.41225961538461536 0.6923076923076923 0.04567307692307692 0.09134615384615384
35 0.41346153846153844 0.7872596153846154 0.04326923076923077 0.0889423076923077
266 0.41225961538461536 0.890625 0.04807692307692308 0.09375