259 0.6586538461538461 0.36899038461538464 0.10576923076923077 0.055288461538461536
35 0.6526442307692307 0.5384615384615384 0.10096153846153846 0.04326923076923077
275 0.4519230769230769 0.40024038461538464 0.1201923076923077 0.055288461538461536
264 0.4567307692307692 0.46153846153846156 0.10817307692307693 0.05048076923076923
260 0.4675480769230769 0.5733173076923077 0.10336538461538461 0.05048076923076923
260 0.4735576923076923 0.6225961538461539 0.09615384615384616 0.04326923076923077
260 0.6478365384615384 0.5877403846153846 0.08653846153846154 0.040865384615384616
272 0.4795673076923077 0.7115384615384616 0.09615384615384616 0.04326923076923077
272 0.4831730769230769 0.7524038461538461 0.0889423076923077 0.040865384615384616
272 0.4855769230769231 0.7920673076923077 0.08653846153846154 0.040865384615384616
272 0.5697115384615384 0.8485576923076923 0.0625 0.040865384615384616