259 0.5204326923076923 0.49399038461538464 0.016826923076923076 0.014423076923076924
266 0.5204326923076923 0.5492788461538461 0.026442307692307692 0.021634615384615384
113 0.46274038461538464 0.5721153846153846 0.019230769230769232 0.016826923076923076
111 0.5192307692307693 0.5877403846153846 0.019230769230769232 0.016826923076923076
110 0.46033653846153844 0.609375 0.019230769230769232 0.016826923076923076
99 0.5192307692307693 0.625 0.019230769230769232 0.016826923076923076
85 0.46153846153846156 0.6490384615384616 0.021634615384615384 0.016826923076923076
72 0.5192307692307693 0.6610576923076923 0.019230769230769232 0.016826923076923076
53 0.46153846153846156 0.6875 0.021634615384615384 0.019230769230769232
35 0.5192307692307693 0.6995192307692307 0.021634615384615384 0.016826923076923076
9 0.46033653846153844 0.7271634615384616 0.021634615384615384 0.019230769230769232
275 0.46033653846153844 0.7848557692307693 0.021634615384615384 0.021634615384615384
260 0.5168269230769231 0.7752403846153846 0.02403846153846154 0.019230769230769232
260 0.48677884615384615 0.8197115384615384 0.03365384615384615 0.036057692307692304