74 0.5697115384615384 0.12980769230769232 0.13221153846153846 0.11538461538461539
73 0.5661057692307693 0.25 0.125 0.10096153846153846
64 0.5673076923076923 0.3581730769230769 0.12259615384615384 0.10096153846153846
63 0.5685096153846154 0.4567307692307692 0.11778846153846154 0.08413461538461539
62 0.5637019230769231 0.5384615384615384 0.11057692307692307 0.08173076923076923
61 0.5637019230769231 0.6165865384615384 0.10096153846153846 0.07211538461538461
60 0.5649038461538461 0.6875 0.09615384615384616 0.0673076923076923
59 0.31009615384615385 0.13822115384615385 0.15384615384615385 0.11538461538461539
57 0.3233173076923077 0.26802884615384615 0.14182692307692307 0.11057692307692307
56 0.33774038461538464 0.37740384615384615 0.13701923076923078 0.09375
55 0.34975961538461536 0.47475961538461536 0.125 0.08413461538461539
54 0.36177884615384615 0.5612980769230769 0.1201923076923077 0.07692307692307693
47 0.37259615384615385 0.640625 0.10817307692307693 0.07451923076923077
46 0.3798076923076923 0.7115384615384616 0.10336538461538461 0.06490384615384616
9 0.38822115384615385 0.7752403846153846 0.10336538461538461 0.06009615384615385
275 0.4098557692307692 0.9326923076923077 0.09134615384615384 0.04807692307692308
264 0.5637019230769231 0.9122596153846154 0.08173076923076923 0.05048076923076923