99 0.5180288461538461 0.1466346153846154 0.05048076923076923 0.09615384615384616
85 0.6009615384615384 0.26322115384615385 0.04567307692307692 0.09134615384615384
72 0.5180288461538461 0.2692307692307692 0.05048076923076923 0.09134615384615384
53 0.6009615384615384 0.37740384615384615 0.04567307692307692 0.08653846153846154
35 0.5192307692307693 0.38822115384615385 0.04807692307692308 0.09134615384615384
9 0.5997596153846154 0.4879807692307692 0.04567307692307692 0.08653846153846154
152 0.5204326923076923 0.5 0.04567307692307692 0.0889423076923077
120 0.5985576923076923 0.5973557692307693 0.04567307692307692 0.08173076923076923
121 0.5216346153846154 0.6081730769230769 0.04807692307692308 0.08413461538461539
122 0.5997596153846154 0.6995192307692307 0.04326923076923077 0.08173076923076923
123 0.5216346153846154 0.7127403846153846 0.04807692307692308 0.08173076923076923
275 0.5240384615384616 0.8737980769230769 0.04326923076923077 0.07451923076923077
264 0.5985576923076923 0.8581730769230769 0.04326923076923077 0.07932692307692307