259 0.5552884615384616 0.3293269230769231 0.038461538461538464 0.03125
266 0.5060096153846154 0.3233173076923077 0.04326923076923077 0.03365384615384615
57 0.5973557692307693 0.3870192307692308 0.03365384615384615 0.028846153846153848
58 0.5528846153846154 0.38461538461538464 0.038461538461538464 0.028846153846153848
56 0.5036057692307693 0.38221153846153844 0.040865384615384616 0.03125
55 0.45072115384615385 0.3798076923076923 0.04807692307692308 0.03125
54 0.5961538461538461 0.421875 0.03365384615384615 0.026442307692307692
47 0.5516826923076923 0.4206730769230769 0.038461538461538464 0.028846153846153848
46 0.5036057692307693 0.41947115384615385 0.04326923076923077 0.028846153846153848
44 0.4495192307692308 0.41947115384615385 0.04567307692307692 0.03125
45 0.5949519230769231 0.4567307692307692 0.03365384615384615 0.026442307692307692
43 0.5504807692307693 0.4579326923076923 0.038461538461538464 0.026442307692307692
42 0.5012019230769231 0.4579326923076923 0.04326923076923077 0.026442307692307692
41 0.4495192307692308 0.45913461538461536 0.04567307692307692 0.028846153846153848
39 0.5925480769230769 0.49158653846153844 0.03365384615384615 0.026442307692307692
38 0.5492788461538461 0.49278846153846156 0.038461538461538464 0.026442307692307692
37 0.5 0.4951923076923077 0.04326923076923077 0.028846153846153848
36 0.4483173076923077 0.49759615384615385 0.04567307692307692 0.03125
28 0.5913461538461539 0.5252403846153846 0.03365384615384615 0.028846153846153848
26 0.546875 0.5276442307692307 0.038461538461538464 0.028846153846153848
27 0.4987980769230769 0.53125 0.040865384615384616 0.028846153846153848
25 0.44711538461538464 0.5348557692307693 0.04567307692307692 0.03125
24 0.5901442307692307 0.5588942307692307 0.03365384615384615 0.028846153846153848
23 0.5456730769230769 0.5625 0.038461538461538464 0.028846153846153848
22 0.49759615384615385 0.5685096153846154 0.04326923076923077 0.028846153846153848
20 0.44591346153846156 0.5745192307692307 0.04567307692307692 0.03125
16 0.5901442307692307 0.5913461538461539 0.03365384615384615 0.028846153846153848
11 0.5444711538461539 0.5973557692307693 0.038461538461538464 0.028846153846153848
10 0.4963942307692308 0.6045673076923077 0.040865384615384616 0.028846153846153848
113 0.44471153846153844 0.6117788461538461 0.04567307692307692 0.03125
260 0.5877403846153846 0.625 0.038461538461538464 0.028846153846153848
112 0.5432692307692307 0.6322115384615384 0.038461538461538464 0.03125
110 0.4963942307692308 0.640625 0.040865384615384616 0.03125
99 0.44350961538461536 0.6502403846153846 0.04326923076923077 0.03365384615384615
85 0.5877403846153846 0.6598557692307693 0.03365384615384615 0.028846153846153848
72 0.5420673076923077 0.6682692307692307 0.038461538461538464 0.03125
53 0.49399038461538464 0.6778846153846154 0.04326923076923077 0.03365384615384615
35 0.4423076923076923 0.6887019230769231 0.04567307692307692 0.03365384615384615
9 0.5865384615384616 0.6923076923076923 0.038461538461538464 0.03125
8 0.5408653846153846 0.703125 0.038461538461538464 0.03125
1 0.49399038461538464 0.7139423076923077 0.04326923076923077 0.036057692307692304
3 0.4411057692307692 0.7271634615384616 0.04567307692307692 0.036057692307692304
264 0.5841346153846154 0.7427884615384616 0.03365384615384615 0.03125
275 0.4387019230769231 0.7836538461538461 0.04326923076923077 0.036057692307692304
272 0.5829326923076923 0.7764423076923077 0.03365384615384615 0.03125
272 0.5384615384615384 0.7908653846153846 0.038461538461538464 0.03125
272 0.4375 0.8209134615384616 0.04326923076923077 0.036057692307692304
259 0.921875 0.7103365384615384 0.028846153846153848 0.026442307692307692
260 0.9206730769230769 0.7415865384615384 0.028846153846153848 0.026442307692307692
260 0.9182692307692307 0.7728365384615384 0.028846153846153848 0.02403846153846154
260 0.9170673076923077 0.8040865384615384 0.026442307692307692 0.02403846153846154
44 0.9134615384615384 0.8329326923076923 0.026442307692307692 0.026442307692307692
72 0.9711538461538461 0.7524038461538461 0.028846153846153848 0.026442307692307692
260 0.96875 0.7836538461538461 0.028846153846153848 0.02403846153846154
260 0.9675480769230769 0.8161057692307693 0.028846153846153848 0.028846153846153848
260 0.9651442307692307 0.8485576923076923 0.028846153846153848 0.026442307692307692
266 0.6009615384615384 0.33413461538461536 0.038461538461538464 0.028846153846153848
288 0.4519230769230769 0.3173076923076923 0.04807692307692308 0.036057692307692304