264 0.5108173076923077 0.2764423076923077 0.036057692307692304 0.057692307692307696
275 0.44591346153846156 0.27884615384615385 0.036057692307692304 0.055288461538461536
232 0.5096153846153846 0.37740384615384615 0.036057692307692304 0.057692307692307696
53 0.44471153846153844 0.3786057692307692 0.036057692307692304 0.057692307692307696
111 0.5096153846153846 0.4411057692307692 0.036057692307692304 0.055288461538461536
110 0.5084134615384616 0.5072115384615384 0.036057692307692304 0.055288461538461536
99 0.5072115384615384 0.5733173076923077 0.036057692307692304 0.055288461538461536
85 0.5072115384615384 0.6394230769230769 0.036057692307692304 0.057692307692307696
72 0.5060096153846154 0.7067307692307693 0.036057692307692304 0.057692307692307696
35 0.44350961538461536 0.4423076923076923 0.036057692307692304 0.057692307692307696
9 0.4423076923076923 0.5060096153846154 0.036057692307692304 0.055288461538461536
120 0.4423076923076923 0.5721153846153846 0.036057692307692304 0.055288461538461536
260 0.4411057692307692 0.6370192307692307 0.03365384615384615 0.055288461538461536
266 0.43990384615384615 0.7055288461538461 0.036057692307692304 0.06009615384615385
266 0.43990384615384615 0.7704326923076923 0.036057692307692304 0.057692307692307696
260 0.4807692307692308 0.17668269230769232 0.021634615384615384 0.028846153846153848