53 0.43509615384615385 0.15504807692307693 0.07451923076923077 0.14423076923076922
260 0.5096153846153846 0.15504807692307693 0.07451923076923077 0.13942307692307693
275 0.5817307692307693 0.15144230769230768 0.07692307692307693 0.14423076923076922
264 0.6526442307692307 0.15264423076923078 0.07451923076923077 0.14182692307692307
9 0.4387019230769231 0.3161057692307692 0.08173076923076923 0.13942307692307693
35 0.5132211538461539 0.3161057692307692 0.07211538461538461 0.1346153846153846
323 0.5841346153846154 0.3112980769230769 0.07451923076923077 0.14182692307692307
365 0.65625 0.3088942307692308 0.07692307692307693 0.14182692307692307
3 0.4423076923076923 0.47475961538461536 0.07451923076923077 0.14423076923076922
1 0.5168269230769231 0.4699519230769231 0.07932692307692307 0.14423076923076922
267 0.5877403846153846 0.4651442307692308 0.07211538461538461 0.14182692307692307
259 0.6574519230769231 0.46153846153846156 0.07451923076923077 0.14423076923076922
365 0.6610576923076923 0.6105769230769231 0.07451923076923077 0.13942307692307693
323 0.5901442307692307 0.6165865384615384 0.07451923076923077 0.14182692307692307
4 0.5192307692307693 0.6225961538461539 0.07451923076923077 0.13701923076923078
5 0.44591346153846156 0.6286057692307693 0.07932692307692307 0.1346153846153846
6 0.5228365384615384 0.7752403846153846 0.07451923076923077 0.13221153846153846
7 0.45072115384615385 0.7800480769230769 0.07451923076923077 0.12980769230769232
288 0.59375 0.7704326923076923 0.07211538461538461 0.13701923076923078
288 0.6634615384615384 0.7620192307692307 0.07451923076923077 0.1346153846153846