291 0.35336538461538464 0.6802884615384616 0.11057692307692307 0.052884615384615384
291 0.5240384615384616 0.6802884615384616 0.10576923076923077 0.055288461538461536
99 0.5252403846153846 0.7548076923076923 0.10817307692307693 0.052884615384615384
85 0.5252403846153846 0.8088942307692307 0.10817307692307693 0.052884615384615384
72 0.5252403846153846 0.8641826923076923 0.10817307692307693 0.055288461538461536
53 0.3545673076923077 0.7560096153846154 0.11057692307692307 0.055288461538461536
35 0.3545673076923077 0.8100961538461539 0.11057692307692307 0.055288461538461536
9 0.3545673076923077 0.8641826923076923 0.11057692307692307 0.052884615384615384
119 0.3545673076923077 0.9182692307692307 0.11057692307692307 0.052884615384615384
263 0.515625 0.421875 0.08413461538461539 0.038461538461538464
273 0.5012019230769231 0.5492788461538461 0.15865384615384615 0.08413461538461539