110 0.5444711538461539 0.09615384615384616 0.125 0.0889423076923077
99 0.5456730769230769 0.20192307692307693 0.11778846153846154 0.08653846153846154
266 0.5480769230769231 0.30649038461538464 0.11538461538461539 0.07692307692307693
266 0.5480769230769231 0.40865384615384615 0.11538461538461539 0.06971153846153846
110 0.4074519230769231 0.0829326923076923 0.12980769230769232 0.0985576923076923
99 0.41466346153846156 0.20192307692307693 0.12740384615384615 0.09134615384615384
85 0.41466346153846156 0.3088942307692308 0.12740384615384615 0.08173076923076923
72 0.4182692307692308 0.4110576923076923 0.125 0.08173076923076923
53 0.4230769230769231 0.5120192307692307 0.125 0.08173076923076923
35 0.4254807692307692 0.609375 0.12259615384615384 0.08173076923076923
9 0.42788461538461536 0.703125 0.125 0.08413461538461539
275 0.3137019230769231 0.9471153846153846 0.12740384615384615 0.09134615384615384
264 0.7680288461538461 0.8653846153846154 0.09615384615384616 0.07211538461538461
291 0.4387019230769231 0.9014423076923077 0.11538461538461539 0.08413461538461539
291 0.6658653846153846 0.8641826923076923 0.10817307692307693 0.07932692307692307
53 0.5528846153846154 0.5048076923076923 0.12740384615384615 0.07692307692307693
35 0.5504807692307693 0.5997596153846154 0.11298076923076923 0.07932692307692307
9 0.5528846153846154 0.6923076923076923 0.11298076923076923 0.08173076923076923