259 0.6021634615384616 0.14903846153846154 0.10817307692307693 0.07211538461538461
289 0.47836538461538464 0.25240384615384615 0.11057692307692307 0.06971153846153846
110 0.35697115384615385 0.3545673076923077 0.11057692307692307 0.0673076923076923
99 0.5745192307692307 0.46033653846153844 0.10576923076923077 0.0625
85 0.3545673076923077 0.4567307692307692 0.10576923076923077 0.0625
72 0.5661057692307693 0.5576923076923077 0.10576923076923077 0.0625
53 0.3473557692307692 0.5540865384615384 0.10336538461538461 0.0625
35 0.5588942307692307 0.6502403846153846 0.10096153846153846 0.06009615384615385
9 0.34375 0.6490384615384616 0.09615384615384616 0.06009615384615385
264 0.5492788461538461 0.7728365384615384 0.09615384615384616 0.06009615384615385
275 0.3401442307692308 0.7728365384615384 0.09615384615384616 0.057692307692307696
270 0.33413461538461536 0.8641826923076923 0.07692307692307693 0.04807692307692308
270 0.5432692307692307 0.8641826923076923 0.07692307692307693 0.04807692307692308