275 0.37740384615384615 0.40865384615384615 0.06009615384615385 0.04326923076923077
264 0.5901442307692307 0.41225961538461536 0.055288461538461536 0.04567307692307692
320 0.484375 0.4098557692307692 0.052884615384615384 0.04326923076923077
113 0.5516826923076923 0.5 0.055288461538461536 0.04326923076923077
111 0.5504807692307693 0.5480769230769231 0.052884615384615384 0.04326923076923077
110 0.5492788461538461 0.5961538461538461 0.052884615384615384 0.040865384615384616
99 0.546875 0.6454326923076923 0.055288461538461536 0.040865384615384616
85 0.4098557692307692 0.5456730769230769 0.06009615384615385 0.04326923076923077
72 0.40865384615384615 0.5949519230769231 0.057692307692307696 0.04326923076923077
53 0.4074519230769231 0.6418269230769231 0.057692307692307696 0.04326923076923077
35 0.4074519230769231 0.6887019230769231 0.057692307692307696 0.04326923076923077
290 0.453125 0.8233173076923077 0.038461538461538464 0.06490384615384616
272 0.33653846153846156 0.8269230769230769 0.04326923076923077 0.038461538461538464