273 0.46274038461538464 0.24639423076923078 0.17067307692307693 0.14903846153846154
9 0.41466346153846156 0.41947115384615385 0.04567307692307692 0.07692307692307693
35 0.46153846153846156 0.41947115384615385 0.04807692307692308 0.07692307692307693
53 0.5084134615384616 0.4182692307692308 0.04567307692307692 0.07451923076923077
72 0.41466346153846156 0.4951923076923077 0.04567307692307692 0.07692307692307693
85 0.46153846153846156 0.49399038461538464 0.04807692307692308 0.07451923076923077
99 0.5072115384615384 0.4951923076923077 0.04807692307692308 0.07451923076923077
110 0.41346153846153844 0.5757211538461539 0.04807692307692308 0.06490384615384616
111 0.45913461538461536 0.5757211538461539 0.04326923076923077 0.06490384615384616
113 0.5024038461538461 0.5769230769230769 0.04567307692307692 0.06490384615384616
260 0.41346153846153844 0.6454326923076923 0.04807692307692308 0.07211538461538461
8 0.45913461538461536 0.6442307692307693 0.04326923076923077 0.07451923076923077
260 0.5024038461538461 0.6454326923076923 0.04567307692307692 0.07211538461538461
260 0.4987980769230769 0.7307692307692307 0.04326923076923077 0.06971153846153846
260 0.41346153846153844 0.7319711538461539 0.04326923076923077 0.06971153846153846
260 0.45552884615384615 0.7319711538461539 0.04326923076923077 0.06971153846153846