259 0.5889423076923077 0.2932692307692308 0.026442307692307692 0.057692307692307696
99 0.6081730769230769 0.43509615384615385 0.02403846153846154 0.055288461538461536
85 0.5733173076923077 0.4387019230769231 0.02403846153846154 0.052884615384615384
72 0.609375 0.4891826923076923 0.02403846153846154 0.055288461538461536
53 0.5733173076923077 0.4963942307692308 0.026442307692307692 0.052884615384615384
35 0.609375 0.5432692307692307 0.02403846153846154 0.05048076923076923
9 0.5745192307692307 0.5528846153846154 0.02403846153846154 0.052884615384615384
260 0.6105769230769231 0.5973557692307693 0.02403846153846154 0.055288461538461536
264 0.6129807692307693 0.6766826923076923 0.02403846153846154 0.052884615384615384
275 0.578125 0.6911057692307693 0.026442307692307692 0.055288461538461536
275 0.6129807692307693 0.7295673076923077 0.02403846153846154 0.05048076923076923