320 0.5973557692307693 0.4855769230769231 0.026442307692307692 0.021634615384615384
323 0.6802884615384616 0.5252403846153846 0.03125 0.02403846153846154
354 0.5961538461538461 0.5240384615384616 0.028846153846153848 0.02403846153846154
110 0.5949519230769231 0.6237980769230769 0.028846153846153848 0.02403846153846154
85 0.5949519230769231 0.6478365384615384 0.028846153846153848 0.02403846153846154
260 0.5949519230769231 0.6730769230769231 0.028846153846153848 0.026442307692307692
260 0.5949519230769231 0.6983173076923077 0.028846153846153848 0.026442307692307692
152 0.5949519230769231 0.7247596153846154 0.028846153846153848 0.026442307692307692
260 0.6778846153846154 0.6310096153846154 0.028846153846153848 0.026442307692307692
260 0.6778846153846154 0.6574519230769231 0.028846153846153848 0.02403846153846154
11 0.6778846153846154 0.6826923076923077 0.03125 0.02403846153846154
113 0.6778846153846154 0.7091346153846154 0.03125 0.02403846153846154
270 0.6802884615384616 0.48677884615384615 0.021634615384615384 0.016826923076923076
270 0.6358173076923077 0.5540865384615384 0.014423076923076924 0.01201923076923077
272 0.6358173076923077 0.8233173076923077 0.021634615384615384 0.021634615384615384