263 0.3112980769230769 0.20432692307692307 0.057692307692307696 0.10576923076923077
275 0.71875 0.18269230769230768 0.06490384615384616 0.10817307692307693
264 0.8221153846153846 0.1778846153846154 0.052884615384615384 0.11057692307692307
131 0.8076923076923077 0.3605769230769231 0.052884615384615384 0.09615384615384616
72 0.4675480769230769 0.5649038461538461 0.04807692307692308 0.08173076923076923
85 0.5348557692307693 0.5564903846153846 0.04807692307692308 0.08173076923076923
99 0.6009615384615384 0.5528846153846154 0.05048076923076923 0.08653846153846154
120 0.4699519230769231 0.7091346153846154 0.04807692307692308 0.07932692307692307
9 0.5336538461538461 0.6995192307692307 0.04807692307692308 0.07932692307692307
35 0.5961538461538461 0.6935096153846154 0.04807692307692308 0.07692307692307693
53 0.6598557692307693 0.6850961538461539 0.04567307692307692 0.07692307692307693