273 0.3918269230769231 0.21995192307692307 0.07451923076923077 0.08413461538461539
9 0.3762019230769231 0.3329326923076923 0.026442307692307692 0.04567307692307692
35 0.39903846153846156 0.3317307692307692 0.021634615384615384 0.04567307692307692
53 0.4206730769230769 0.33052884615384615 0.021634615384615384 0.04567307692307692
72 0.3798076923076923 0.38822115384615385 0.02403846153846154 0.04807692307692308
85 0.40024038461538464 0.38822115384615385 0.021634615384615384 0.04807692307692308
99 0.421875 0.3858173076923077 0.021634615384615384 0.04567307692307692
110 0.38221153846153844 0.44591346153846156 0.02403846153846154 0.04807692307692308
111 0.4026442307692308 0.4423076923076923 0.02403846153846154 0.04807692307692308
113 0.4230769230769231 0.4387019230769231 0.02403846153846154 0.04567307692307692
276 0.38461538461538464 0.5036057692307693 0.02403846153846154 0.04567307692307692
8 0.40625 0.49759615384615385 0.02403846153846154 0.04567307692307692
0 0.4266826923076923 0.4951923076923077 0.021634615384615384 0.04567307692307692
131 0.40625 0.5661057692307693 0.06490384615384616 0.057692307692307696