366 0.5336538461538461 0.18028846153846154 0.07932692307692307 0.0673076923076923
55 0.5721153846153846 0.38221153846153844 0.028846153846153848 0.02403846153846154
54 0.5721153846153846 0.4098557692307692 0.03125 0.026442307692307692
47 0.5721153846153846 0.4375 0.028846153846153848 0.026442307692307692
46 0.5733173076923077 0.4651442307692308 0.03365384615384615 0.02403846153846154
44 0.5721153846153846 0.49278846153846156 0.028846153846153848 0.02403846153846154
43 0.5733173076923077 0.5192307692307693 0.03125 0.02403846153846154
42 0.5733173076923077 0.5480769230769231 0.03125 0.02403846153846154
41 0.5733173076923077 0.5745192307692307 0.03125 0.02403846153846154
39 0.5745192307692307 0.6021634615384616 0.028846153846153848 0.02403846153846154
38 0.5745192307692307 0.6298076923076923 0.028846153846153848 0.026442307692307692
37 0.5757211538461539 0.6586538461538461 0.03125 0.02403846153846154
36 0.5745192307692307 0.6862980769230769 0.03125 0.026442307692307692
28 0.5757211538461539 0.7151442307692307 0.03125 0.026442307692307692
26 0.5757211538461539 0.7427884615384616 0.03125 0.026442307692307692
25 0.5769230769230769 0.7704326923076923 0.03125 0.026442307692307692
24 0.5769230769230769 0.8004807692307693 0.03125 0.02403846153846154
23 0.49278846153846156 0.38341346153846156 0.03125 0.02403846153846154
22 0.49278846153846156 0.4098557692307692 0.03125 0.02403846153846154
16 0.49278846153846156 0.4375 0.028846153846153848 0.026442307692307692
11 0.49399038461538464 0.4651442307692308 0.03125 0.026442307692307692
10 0.4951923076923077 0.49278846153846156 0.03125 0.02403846153846154
113 0.49399038461538464 0.5204326923076923 0.03125 0.026442307692307692
111 0.4951923076923077 0.5492788461538461 0.028846153846153848 0.026442307692307692
110 0.4951923076923077 0.5745192307692307 0.03125 0.02403846153846154
99 0.4951923076923077 0.6033653846153846 0.03125 0.02403846153846154
85 0.4963942307692308 0.6322115384615384 0.03125 0.02403846153846154
72 0.4951923076923077 0.6598557692307693 0.03125 0.026442307692307692
53 0.49759615384615385 0.6875 0.03125 0.026442307692307692
35 0.4963942307692308 0.7163461538461539 0.03125 0.02403846153846154
9 0.4963942307692308 0.7439903846153846 0.03125 0.02403846153846154
152 0.4963942307692308 0.7716346153846154 0.03125 0.026442307692307692
120 0.49759615384615385 0.8305288461538461 0.028846153846153848 0.02403846153846154
265 0.5372596153846154 0.9014423076923077 0.028846153846153848 0.03125
266 0.53125 0.3016826923076923 0.057692307692307696 0.04807692307692308
266 0.49759615384615385 0.8004807692307693 0.036057692307692304 0.028846153846153848