283 0.4567307692307692 0.3088942307692308 0.08413461538461539 0.10096153846153846
195 0.4675480769230769 0.4362980769230769 0.07692307692307693 0.08173076923076923
168 0.5516826923076923 0.30528846153846156 0.07451923076923077 0.08173076923076923
195 0.5552884615384616 0.42788461538461536 0.07211538461538461 0.07451923076923077
202 0.4735576923076923 0.5456730769230769 0.07451923076923077 0.07692307692307693
260 0.5564903846153846 0.5372596153846154 0.07211538461538461 0.07451923076923077
275 0.3076923076923077 0.7091346153846154 0.07451923076923077 0.07211538461538461
323 0.390625 0.6995192307692307 0.0625 0.0625
259 0.3161057692307692 0.7992788461538461 0.06490384615384616 0.07451923076923077
320 0.39903846153846156 0.7896634615384616 0.06009615384615385 0.057692307692307696
264 0.6598557692307693 0.6790865384615384 0.07451923076923077 0.07451923076923077
323 0.7379807692307693 0.6742788461538461 0.06490384615384616 0.057692307692307696
289 0.6514423076923077 0.7668269230769231 0.07211538461538461 0.06490384615384616
270 0.7319711538461539 0.7608173076923077 0.07211538461538461 0.06971153846153846
270 0.6538461538461539 0.8689903846153846 0.07211538461538461 0.0625