131 0.3112980769230769 0.2980769230769231 0.05048076923076923 0.08413461538461539
259 0.31850961538461536 0.4074519230769231 0.04326923076923077 0.07451923076923077
273 0.4699519230769231 0.3473557692307692 0.17548076923076922 0.16346153846153846
152 0.29927884615384615 0.5588942307692307 0.040865384615384616 0.06971153846153846
35 0.3485576923076923 0.5649038461538461 0.038461538461538464 0.0625
53 0.39903846153846156 0.5709134615384616 0.040865384615384616 0.06490384615384616
72 0.45072115384615385 0.578125 0.038461538461538464 0.06490384615384616
85 0.5024038461538461 0.5829326923076923 0.040865384615384616 0.06490384615384616
99 0.5552884615384616 0.5889423076923077 0.04326923076923077 0.06490384615384616
110 0.6069711538461539 0.5949519230769231 0.04326923076923077 0.06490384615384616
111 0.6634615384615384 0.6009615384615384 0.04326923076923077 0.06971153846153846
275 0.6117788461538461 0.4338942307692308 0.04807692307692308 0.07451923076923077
264 0.6694711538461539 0.4362980769230769 0.04807692307692308 0.07692307692307693