35 0.6129807692307693 0.38461538461538464 0.14903846153846154 0.13942307692307693
259 0.5012019230769231 0.4891826923076923 0.07932692307692307 0.06009615384615385
275 0.4519230769230769 0.8221153846153846 0.06490384615384616 0.04567307692307692
9 0.5576923076923077 0.7451923076923077 0.06490384615384616 0.05048076923076923
35 0.44350961538461536 0.6911057692307693 0.06971153846153846 0.05048076923076923
72 0.5576923076923077 0.6995192307692307 0.06971153846153846 0.052884615384615384
99 0.44350961538461536 0.6454326923076923 0.06971153846153846 0.052884615384615384
111 0.5588942307692307 0.6514423076923077 0.06971153846153846 0.052884615384615384
10 0.4387019230769231 0.59375 0.07211538461538461 0.057692307692307696
11 0.5612980769230769 0.6021634615384616 0.07451923076923077 0.055288461538461536
266 0.5552884615384616 0.8293269230769231 0.06490384615384616 0.04807692307692308