152 0.4495192307692308 0.8233173076923077 0.052884615384615384 0.09375
35 0.5240384615384616 0.8245192307692307 0.05048076923076923 0.09134615384615384
53 0.4483173076923077 0.7271634615384616 0.05048076923076923 0.09375
72 0.5228365384615384 0.7259615384615384 0.05048076923076923 0.09375
85 0.4483173076923077 0.6298076923076923 0.05048076923076923 0.09134615384615384
99 0.5228365384615384 0.6298076923076923 0.05048076923076923 0.09134615384615384
110 0.44711538461538464 0.5336538461538461 0.05048076923076923 0.09375
111 0.5216346153846154 0.5324519230769231 0.05048076923076923 0.09134615384615384
113 0.44591346153846156 0.4362980769230769 0.052884615384615384 0.09134615384615384
10 0.5204326923076923 0.4326923076923077 0.05048076923076923 0.09375
11 0.44350961538461536 0.33774038461538464 0.05048076923076923 0.09375
264 0.4423076923076923 0.18870192307692307 0.052884615384615384 0.09375
275 0.5192307692307693 0.18509615384615385 0.05048076923076923 0.09375
111 0.7956730769230769 0.5144230769230769 0.038461538461538464 0.08653846153846154
266 0.7992788461538461 0.19110576923076922 0.038461538461538464 0.08653846153846154
264 0.8449519230769231 0.19831730769230768 0.038461538461538464 0.0889423076923077
365 0.8461538461538461 0.3317307692307692 0.038461538461538464 0.0889423076923077
365 0.8461538461538461 0.41947115384615385 0.038461538461538464 0.0889423076923077
365 0.8449519230769231 0.5060096153846154 0.038461538461538464 0.08653846153846154
365 0.8449519230769231 0.5985576923076923 0.038461538461538464 0.0889423076923077
365 0.8449519230769231 0.6862980769230769 0.038461538461538464 0.0889423076923077
365 0.8449519230769231 0.7716346153846154 0.038461538461538464 0.0889423076923077
365 0.7944711538461539 0.7872596153846154 0.038461538461538464 0.0889423076923077
365 0.7944711538461539 0.6971153846153846 0.038461538461538464 0.0889423076923077
365 0.7944711538461539 0.6069711538461539 0.038461538461538464 0.0889423076923077
365 0.7944711538461539 0.4230769230769231 0.038461538461538464 0.0889423076923077