266 0.7620192307692307 0.49158653846153844 0.01201923076923077 0.016826923076923076
266 0.7608173076923077 0.5108173076923077 0.014423076923076924 0.016826923076923076
266 0.7584134615384616 0.5300480769230769 0.01201923076923077 0.016826923076923076
266 0.7572115384615384 0.5504807692307693 0.01201923076923077 0.016826923076923076
266 0.7572115384615384 0.5709134615384616 0.01201923076923077 0.016826923076923076
266 0.8100961538461539 0.49759615384615385 0.01201923076923077 0.016826923076923076
266 0.8076923076923077 0.5192307692307693 0.014423076923076924 0.016826923076923076
266 0.8064903846153846 0.5372596153846154 0.01201923076923077 0.016826923076923076
266 0.8052884615384616 0.5576923076923077 0.01201923076923077 0.016826923076923076
266 0.8040865384615384 0.578125 0.01201923076923077 0.016826923076923076
266 0.8569711538461539 0.5036057692307693 0.014423076923076924 0.019230769230769232
266 0.8545673076923077 0.5252403846153846 0.014423076923076924 0.016826923076923076
266 0.8545673076923077 0.5456730769230769 0.014423076923076924 0.016826923076923076
266 0.8521634615384616 0.5649038461538461 0.01201923076923077 0.016826923076923076
266 0.8509615384615384 0.5853365384615384 0.01201923076923077 0.019230769230769232
266 0.7548076923076923 0.5997596153846154 0.01201923076923077 0.016826923076923076
266 0.7536057692307693 0.6213942307692307 0.01201923076923077 0.016826923076923076
260 0.8016826923076923 0.6069711538461539 0.01201923076923077 0.014423076923076924
266 0.7992788461538461 0.6286057692307693 0.01201923076923077 0.016826923076923076
275 0.7331730769230769 0.6177884615384616 0.02403846153846154 0.019230769230769232
264 0.7788461538461539 0.625 0.02403846153846154 0.019230769230769232
9 0.7367788461538461 0.5673076923076923 0.02403846153846154 0.021634615384615384
35 0.7836538461538461 0.5745192307692307 0.02403846153846154 0.019230769230769232
53 0.8293269230769231 0.5829326923076923 0.026442307692307692 0.019230769230769232
72 0.7367788461538461 0.5480769230769231 0.02403846153846154 0.019230769230769232
260 0.7836538461538461 0.5540865384615384 0.02403846153846154 0.019230769230769232
260 0.8305288461538461 0.5612980769230769 0.026442307692307692 0.016826923076923076
110 0.7391826923076923 0.5288461538461539 0.02403846153846154 0.019230769230769232
260 0.7848557692307693 0.5336538461538461 0.02403846153846154 0.019230769230769232
260 0.8329326923076923 0.5420673076923077 0.026442307692307692 0.019230769230769232
10 0.7391826923076923 0.5096153846153846 0.02403846153846154 0.019230769230769232
11 0.7860576923076923 0.5144230769230769 0.02403846153846154 0.019230769230769232
16 0.8341346153846154 0.5216346153846154 0.026442307692307692 0.019230769230769232
20 0.7415865384615384 0.4879807692307692 0.02403846153846154 0.019230769230769232
22 0.7884615384615384 0.49399038461538464 0.02403846153846154 0.021634615384615384
260 0.8353365384615384 0.5012019230769231 0.026442307692307692 0.019230769230769232
260 0.7355769230769231 0.5961538461538461 0.02403846153846154 0.021634615384615384
260 0.78125 0.6033653846153846 0.02403846153846154 0.019230769230769232