291 0.5733173076923077 0.41346153846153844 0.08413461538461539 0.0625
263 0.5793269230769231 0.49399038461538464 0.07211538461538461 0.057692307692307696
9 0.5829326923076923 0.7355769230769231 0.06971153846153846 0.05048076923076923
120 0.4387019230769231 0.7415865384615384 0.06971153846153846 0.05048076923076923
35 0.4362980769230769 0.6899038461538461 0.06971153846153846 0.052884615384615384
53 0.5829326923076923 0.6850961538461539 0.06971153846153846 0.052884615384615384
72 0.4326923076923077 0.6370192307692307 0.06971153846153846 0.052884615384615384
85 0.5817307692307693 0.6322115384615384 0.07451923076923077 0.052884615384615384
99 0.43149038461538464 0.5829326923076923 0.06971153846153846 0.055288461538461536
110 0.5805288461538461 0.5769230769230769 0.07451923076923077 0.052884615384615384
354 0.44350961538461536 0.8533653846153846 0.0625 0.05048076923076923
331 0.5841346153846154 0.8473557692307693 0.06490384615384616 0.05048076923076923