263 0.5084134615384616 0.19831730769230768 0.06971153846153846 0.0673076923076923
275 0.49278846153846156 0.3125 0.038461538461538464 0.06490384615384616
264 0.5264423076923077 0.3137019230769231 0.036057692307692304 0.0673076923076923
113 0.49158653846153844 0.3737980769230769 0.036057692307692304 0.06490384615384616
20 0.5252403846153846 0.37259615384615385 0.03365384615384615 0.0673076923076923
111 0.49278846153846156 0.43149038461538464 0.040865384615384616 0.0625
16 0.5252403846153846 0.43149038461538464 0.03365384615384615 0.0625
110 0.49278846153846156 0.4879807692307692 0.038461538461538464 0.06490384615384616
11 0.5264423076923077 0.48677884615384615 0.036057692307692304 0.06971153846153846
99 0.49278846153846156 0.5456730769230769 0.038461538461538464 0.0673076923076923
10 0.5252403846153846 0.5444711538461539 0.036057692307692304 0.06971153846153846
53 0.5096153846153846 0.6033653846153846 0.07211538461538461 0.06490384615384616
9 0.5096153846153846 0.6550480769230769 0.07211538461538461 0.06490384615384616