281 0.35697115384615385 0.890625 0.03125 0.028846153846153848
60 0.4543269230769231 0.8725961538461539 0.026442307692307692 0.026442307692307692
47 0.3557692307692308 0.8533653846153846 0.028846153846153848 0.026442307692307692
54 0.35697115384615385 0.8149038461538461 0.03125 0.026442307692307692
55 0.35697115384615385 0.7752403846153846 0.028846153846153848 0.026442307692307692
275 0.3581730769230769 0.7379807692307693 0.028846153846153848 0.026442307692307692
264 0.4074519230769231 0.7319711538461539 0.028846153846153848 0.026442307692307692
59 0.4074519230769231 0.7692307692307693 0.028846153846153848 0.02403846153846154
57 0.4074519230769231 0.8064903846153846 0.028846153846153848 0.026442307692307692
56 0.40625 0.84375 0.028846153846153848 0.026442307692307692
61 0.45552884615384615 0.8365384615384616 0.028846153846153848 0.02403846153846154
62 0.45552884615384615 0.7992788461538461 0.028846153846153848 0.026442307692307692
63 0.45552884615384615 0.7632211538461539 0.028846153846153848 0.02403846153846154
259 0.4567307692307692 0.7259615384615384 0.026442307692307692 0.02403846153846154