263 0.5108173076923077 0.19110576923076922 0.04807692307692308 0.09134615384615384
275 0.4723557692307692 0.8762019230769231 0.04326923076923077 0.07451923076923077
264 0.5516826923076923 0.8689903846153846 0.040865384615384616 0.07692307692307693
122 0.47115384615384615 0.7536057692307693 0.040865384615384616 0.07932692307692307
121 0.5516826923076923 0.7463942307692307 0.040865384615384616 0.07692307692307693
119 0.47115384615384615 0.6502403846153846 0.04326923076923077 0.07932692307692307
266 0.5504807692307693 0.6466346153846154 0.04326923076923077 0.07932692307692307
35 0.4699519230769231 0.546875 0.04326923076923077 0.08173076923076923
53 0.5516826923076923 0.5444711538461539 0.04326923076923077 0.07932692307692307
72 0.46875 0.44350961538461536 0.04567307692307692 0.08173076923076923
85 0.5528846153846154 0.43990384615384615 0.04326923076923077 0.08173076923076923
99 0.4699519230769231 0.33413461538461536 0.04567307692307692 0.08653846153846154