291 0.43028846153846156 0.7932692307692307 0.07692307692307693 0.10096153846153846
261 0.578125 0.7896634615384616 0.07451923076923077 0.10576923076923077
119 0.43028846153846156 0.6526442307692307 0.07932692307692307 0.10576923076923077
152 0.5829326923076923 0.6526442307692307 0.07692307692307693 0.10576923076923077
187 0.4326923076923077 0.5060096153846154 0.07932692307692307 0.10817307692307693
9 0.5853365384615384 0.5084134615384616 0.07932692307692307 0.10817307692307693
35 0.43509615384615385 0.36177884615384615 0.08173076923076923 0.10576923076923077
53 0.5853365384615384 0.3641826923076923 0.07932692307692307 0.10817307692307693
72 0.5144230769230769 0.21754807692307693 0.07932692307692307 0.11057692307692307
272 0.43990384615384615 0.052884615384615384 0.08173076923076923 0.10576923076923077
320 0.5913461538461539 0.05889423076923077 0.07932692307692307 0.10817307692307693