290 0.41346153846153844 0.036057692307692304 0.038461538461538464 0.040865384615384616
259 0.4795673076923077 0.037259615384615384 0.04567307692307692 0.07451923076923077
265 0.41225961538461536 0.12259615384615384 0.05048076923076923 0.08413461538461539
366 0.4795673076923077 0.1310096153846154 0.04807692307692308 0.08413461538461539
28 0.4098557692307692 0.3088942307692308 0.05048076923076923 0.08173076923076923
26 0.4110576923076923 0.4026442307692308 0.04807692307692308 0.08413461538461539
187 0.4098557692307692 0.5 0.04567307692307692 0.08653846153846154
111 0.40865384615384615 0.5997596153846154 0.04807692307692308 0.08653846153846154
110 0.40865384615384615 0.6995192307692307 0.05048076923076923 0.0889423076923077
99 0.4074519230769231 0.8028846153846154 0.04807692307692308 0.0889423076923077
72 0.40625 0.9110576923076923 0.04567307692307692 0.09615384615384616
38 0.47716346153846156 0.9074519230769231 0.04807692307692308 0.09134615384615384
39 0.47836538461538464 0.8016826923076923 0.04807692307692308 0.09134615384615384
41 0.47716346153846156 0.6983173076923077 0.04567307692307692 0.08413461538461539
42 0.47836538461538464 0.6009615384615384 0.04807692307692308 0.08173076923076923
43 0.47836538461538464 0.5012019230769231 0.04567307692307692 0.07932692307692307
44 0.47836538461538464 0.40865384615384615 0.04567307692307692 0.07932692307692307
46 0.47836538461538464 0.3137019230769231 0.05048076923076923 0.08413461538461539