273 0.44591346153846156 0.3088942307692308 0.21875 0.09375
259 0.35216346153846156 0.1814903846153846 0.036057692307692304 0.06009615384615385
131 0.5324519230769231 0.1778846153846154 0.04326923076923077 0.07932692307692307
85 0.3942307692307692 0.41586538461538464 0.038461538461538464 0.05048076923076923
99 0.43149038461538464 0.41586538461538464 0.038461538461538464 0.05048076923076923
110 0.4639423076923077 0.41346153846153844 0.036057692307692304 0.052884615384615384
111 0.5 0.41225961538461536 0.036057692307692304 0.052884615384615384
9 0.39903846153846156 0.5060096153846154 0.036057692307692304 0.04807692307692308
35 0.43149038461538464 0.5060096153846154 0.03365384615384615 0.05048076923076923
53 0.4651442307692308 0.5060096153846154 0.03365384615384615 0.04807692307692308
72 0.5 0.5048076923076923 0.038461538461538464 0.04567307692307692
275 0.484375 0.5925480769230769 0.04567307692307692 0.04807692307692308
264 0.5348557692307693 0.5901442307692307 0.03365384615384615 0.04567307692307692