266 0.34975961538461536 0.15504807692307693 0.19471153846153846 0.10336538461538461
266 0.5901442307692307 0.27163461538461536 0.16346153846153846 0.0889423076923077
259 0.3557692307692308 0.28125 0.18028846153846154 0.09375
276 0.35216346153846156 0.3942307692307692 0.10336538461538461 0.08173076923076923
152 0.47596153846153844 0.38100961538461536 0.15384615384615385 0.08413461538461539
120 0.47475961538461536 0.4723557692307692 0.15144230769230768 0.07211538461538461
121 0.4735576923076923 0.5492788461538461 0.14423076923076922 0.07451923076923077
122 0.47115384615384615 0.6201923076923077 0.1346153846153846 0.06490384615384616
123 0.47115384615384615 0.6838942307692307 0.125 0.0625
275 0.3870192307692308 0.7548076923076923 0.125 0.0625
264 0.5492788461538461 0.7319711538461539 0.11538461538461539 0.057692307692307696
273 0.4675480769230769 0.8425480769230769 0.20192307692307693 0.13701923076923078
288 0.6009615384615384 0.15264423076923078 0.17307692307692307 0.09615384615384616