273 0.5288461538461539 0.34975961538461536 0.10096153846153846 0.12980769230769232
259 0.5288461538461539 0.6213942307692307 0.03365384615384615 0.06490384615384616
260 0.4579326923076923 0.6947115384615384 0.03365384615384615 0.06490384615384616
60 0.4567307692307692 0.7620192307692307 0.036057692307692304 0.06490384615384616
56 0.45552884615384615 0.8341346153846154 0.036057692307692304 0.06490384615384616
47 0.4543269230769231 0.9050480769230769 0.036057692307692304 0.06490384615384616
43 0.453125 0.9723557692307693 0.036057692307692304 0.052884615384615384
44 0.5276442307692307 0.9735576923076923 0.03365384615384615 0.05048076923076923
46 0.6045673076923077 0.9747596153846154 0.036057692307692304 0.04807692307692308
54 0.5288461538461539 0.9086538461538461 0.03365384615384615 0.06490384615384616
57 0.5288461538461539 0.8341346153846154 0.03365384615384615 0.0625
61 0.5288461538461539 0.7644230769230769 0.03365384615384615 0.0625
59 0.6021634615384616 0.8389423076923077 0.03365384615384615 0.06490384615384616
55 0.6033653846153846 0.9110576923076923 0.036057692307692304 0.06490384615384616