85 0.5324519230769231 0.734375 0.02403846153846154 0.021634615384615384
72 0.5 0.7367788461538461 0.02403846153846154 0.021634615384615384
53 0.4675480769230769 0.7379807692307693 0.026442307692307692 0.02403846153846154
35 0.4338942307692308 0.7403846153846154 0.026442307692307692 0.021634615384615384
9 0.40024038461538464 0.7415865384615384 0.02403846153846154 0.02403846153846154
291 0.36538461538461536 0.7427884615384616 0.026442307692307692 0.02403846153846154
291 0.33052884615384615 0.7451923076923077 0.02403846153846154 0.021634615384615384
291 0.2956730769230769 0.7463942307692307 0.026442307692307692 0.021634615384615384
291 0.25961538461538464 0.7475961538461539 0.026442307692307692 0.02403846153846154
272 0.30408653846153844 0.8990384615384616 0.019230769230769232 0.019230769230769232
272 0.15264423076923078 0.7908653846153846 0.019230769230769232 0.019230769230769232
272 0.03125 0.7944711538461539 0.019230769230769232 0.019230769230769232
272 0.15865384615384615 0.36778846153846156 0.019230769230769232 0.019230769230769232