275 0.24639423076923078 0.7668269230769231 0.13942307692307693 0.06009615384615385
259 0.38461538461538464 0.7644230769230769 0.13221153846153846 0.055288461538461536
272 0.4879807692307692 0.765625 0.07211538461538461 0.052884615384615384
272 0.5588942307692307 0.7632211538461539 0.06490384615384616 0.04567307692307692
264 0.6622596153846154 0.7632211538461539 0.13701923076923078 0.0625
283 0.2439903846153846 0.6658653846153846 0.1466346153846154 0.0625
35 0.3918269230769231 0.6658653846153846 0.12259615384615384 0.057692307692307696
53 0.5240384615384616 0.6646634615384616 0.12740384615384615 0.055288461538461536
72 0.6622596153846154 0.6634615384615384 0.13221153846153846 0.052884615384615384
85 0.24759615384615385 0.5637019230769231 0.13701923076923078 0.055288461538461536
99 0.390625 0.5612980769230769 0.13221153846153846 0.057692307692307696
110 0.5348557692307693 0.5625 0.11298076923076923 0.057692307692307696
111 0.6754807692307693 0.5612980769230769 0.13942307692307693 0.055288461538461536
113 0.2439903846153846 0.4567307692307692 0.1346153846153846 0.055288461538461536
10 0.3858173076923077 0.4579326923076923 0.14182692307692307 0.057692307692307696
11 0.5240384615384616 0.4567307692307692 0.13942307692307693 0.052884615384615384
16 0.23798076923076922 0.34975961538461536 0.14903846153846154 0.057692307692307696
22 0.38221153846153844 0.3473557692307692 0.13942307692307693 0.057692307692307696
23 0.5252403846153846 0.35096153846153844 0.14182692307692307 0.055288461538461536
24 0.234375 0.2403846153846154 0.15384615384615385 0.06009615384615385
25 0.38221153846153844 0.2439903846153846 0.14423076923076922 0.0673076923076923
26 0.5264423076923077 0.2439903846153846 0.14423076923076922 0.0625
323 0.23677884615384615 0.13581730769230768 0.15384615384615385 0.06009615384615385
261 0.38461538461538464 0.13581730769230768 0.15144230769230768 0.06009615384615385