273 0.49038461538461536 0.2824519230769231 0.20192307692307693 0.14423076923076922
9 0.43509615384615385 0.46875 0.057692307692307696 0.06009615384615385
35 0.4963942307692308 0.4699519230769231 0.052884615384615384 0.06009615384615385
53 0.5576923076923077 0.46875 0.052884615384615384 0.06009615384615385
72 0.4362980769230769 0.5396634615384616 0.057692307692307696 0.0625
85 0.49759615384615385 0.5408653846153846 0.052884615384615384 0.06009615384615385
99 0.5588942307692307 0.5384615384615384 0.057692307692307696 0.06009615384615385
110 0.4375 0.609375 0.055288461538461536 0.06009615384615385
111 0.4987980769230769 0.609375 0.055288461538461536 0.06009615384615385
113 0.5600961538461539 0.6069711538461539 0.055288461538461536 0.06009615384615385
0 0.4375 0.6802884615384616 0.055288461538461536 0.06009615384615385
8 0.5012019230769231 0.6790865384615384 0.055288461538461536 0.0625
131 0.5612980769230769 0.6790865384615384 0.057692307692307696 0.0625