111 0.49399038461538464 0.32572115384615385 0.026442307692307692 0.038461538461538464
99 0.49399038461538464 0.3701923076923077 0.026442307692307692 0.038461538461538464
72 0.4951923076923077 0.41346153846153844 0.028846153846153848 0.040865384615384616
35 0.4963942307692308 0.4579326923076923 0.028846153846153848 0.038461538461538464
130 0.4963942307692308 0.5012019230769231 0.026442307692307692 0.038461538461538464
152 0.5661057692307693 0.47596153846153844 0.028846153846153848 0.038461538461538464
53 0.5661057692307693 0.4338942307692308 0.026442307692307692 0.036057692307692304
85 0.5649038461538461 0.3894230769230769 0.026442307692307692 0.038461538461538464
110 0.5649038461538461 0.34615384615384615 0.026442307692307692 0.038461538461538464
232 0.5649038461538461 0.3016826923076923 0.028846153846153848 0.038461538461538464
340 0.5048076923076923 0.12620192307692307 0.026442307692307692 0.036057692307692304
272 0.5480769230769231 0.125 0.028846153846153848 0.038461538461538464
355 0.4699519230769231 0.6598557692307693 0.026442307692307692 0.036057692307692304
272 0.5120192307692307 0.6550480769230769 0.019230769230769232 0.028846153846153848
330 0.5973557692307693 0.6514423076923077 0.028846153846153848 0.036057692307692304
272 0.47115384615384615 0.7680288461538461 0.021634615384615384 0.028846153846153848
272 0.5348557692307693 0.7644230769230769 0.019230769230769232 0.028846153846153848
272 0.5973557692307693 0.7596153846153846 0.019230769230769232 0.028846153846153848