275 0.5865384615384616 0.8641826923076923 0.03365384615384615 0.0625
264 0.6358173076923077 0.8605769230769231 0.036057692307692304 0.06490384615384616
152 0.5841346153846154 0.7163461538461539 0.03365384615384615 0.0673076923076923
187 0.5841346153846154 0.6430288461538461 0.036057692307692304 0.0625
195 0.5829326923076923 0.5685096153846154 0.03365384615384615 0.06490384615384616
206 0.5829326923076923 0.4963942307692308 0.03365384615384615 0.06490384615384616
110 0.5829326923076923 0.4230769230769231 0.03365384615384615 0.0673076923076923
111 0.5817307692307693 0.34975961538461536 0.036057692307692304 0.0625
113 0.5817307692307693 0.2764423076923077 0.03365384615384615 0.0625
10 0.5805288461538461 0.19951923076923078 0.03365384615384615 0.06490384615384616
11 0.5817307692307693 0.125 0.03365384615384615 0.06490384615384616
16 0.6346153846153846 0.6394230769230769 0.036057692307692304 0.06490384615384616
22 0.6334134615384616 0.5673076923076923 0.036057692307692304 0.06490384615384616
23 0.6334134615384616 0.4963942307692308 0.036057692307692304 0.0625
24 0.6334134615384616 0.42427884615384615 0.036057692307692304 0.06490384615384616
25 0.6322115384615384 0.35096153846153844 0.036057692307692304 0.0625
26 0.6322115384615384 0.2764423076923077 0.036057692307692304 0.06490384615384616
28 0.6310096153846154 0.20192307692307693 0.03365384615384615 0.06490384615384616
36 0.6310096153846154 0.12740384615384615 0.03365384615384615 0.0673076923076923