266 0.1502403846153846 0.29086538461538464 0.0889423076923077 0.08653846153846154
272 0.33653846153846156 0.2932692307692308 0.08173076923076923 0.08413461538461539
269 0.5192307692307693 0.29447115384615385 0.07932692307692307 0.08173076923076923
272 0.1502403846153846 0.41346153846153844 0.08653846153846154 0.08413461538461539
272 0.33653846153846156 0.41346153846153844 0.07932692307692307 0.08413461538461539
272 0.5204326923076923 0.41586538461538464 0.07932692307692307 0.07932692307692307
266 0.27403846153846156 0.5360576923076923 0.08653846153846154 0.08653846153846154
266 0.27283653846153844 0.6598557692307693 0.09134615384615384 0.09375
266 0.27163461538461536 0.78125 0.0889423076923077 0.09375
266 0.27163461538461536 0.9026442307692307 0.09375 0.09375
266 0.5192307692307693 0.5384615384615384 0.08653846153846154 0.0889423076923077
266 0.5168269230769231 0.6610576923076923 0.09134615384615384 0.09134615384615384
266 0.5168269230769231 0.78125 0.08653846153846154 0.08653846153846154
272 0.5168269230769231 0.9026442307692307 0.08413461538461539 0.08653846153846154
53 0.15144230769230768 0.5372596153846154 0.0985576923076923 0.0985576923076923
277 0.1502403846153846 0.6574519230769231 0.0985576923076923 0.09375
275 0.14903846153846154 0.7800480769230769 0.10336538461538461 0.10096153846153846
259 0.14783653846153846 0.9014423076923077 0.10336538461538461 0.10096153846153846
72 0.39663461538461536 0.5372596153846154 0.09375 0.0985576923076923
35 0.39663461538461536 0.6598557692307693 0.09615384615384616 0.09615384615384616
264 0.3954326923076923 0.7800480769230769 0.10096153846153846 0.10096153846153846