131 0.38461538461538464 0.390625 0.07692307692307693 0.13221153846153846
259 0.36899038461538464 0.7175480769230769 0.055288461538461536 0.09134615384615384
275 0.3762019230769231 0.8233173076923077 0.052884615384615384 0.0889423076923077
264 0.44591346153846156 0.8076923076923077 0.05048076923076923 0.08173076923076923
111 0.6009615384615384 0.3233173076923077 0.0625 0.10817307692307693
110 0.6021634615384616 0.45072115384615385 0.06009615384615385 0.10336538461538461
99 0.6021634615384616 0.5697115384615384 0.057692307692307696 0.09615384615384616
85 0.6033653846153846 0.6802884615384616 0.055288461538461536 0.09375
72 0.5276442307692307 0.33774038461538464 0.06009615384615385 0.11057692307692307
53 0.5288461538461539 0.46033653846153844 0.06009615384615385 0.10336538461538461
35 0.5336538461538461 0.5793269230769231 0.057692307692307696 0.09615384615384616
152 0.5348557692307693 0.6862980769230769 0.055288461538461536 0.09134615384615384
122 0.5384615384615384 0.7932692307692307 0.052884615384615384 0.07932692307692307
121 0.6045673076923077 0.7836538461538461 0.052884615384615384 0.08413461538461539
120 0.671875 0.7752403846153846 0.052884615384615384 0.08413461538461539