85 0.5456730769230769 0.3389423076923077 0.08413461538461539 0.05048076923076923
53 0.5444711538461539 0.41225961538461536 0.08653846153846154 0.05048076923076923
35 0.5432692307692307 0.4831730769230769 0.07932692307692307 0.04807692307692308
9 0.5408653846153846 0.5492788461538461 0.07932692307692307 0.04807692307692308
119 0.5408653846153846 0.6141826923076923 0.07451923076923077 0.04326923076923077
259 0.41947115384615385 0.6778846153846154 0.07211538461538461 0.04326923076923077
275 0.5396634615384616 0.6814903846153846 0.07211538461538461 0.04326923076923077
264 0.6598557692307693 0.6826923076923077 0.06490384615384616 0.040865384615384616
270 0.4206730769230769 0.7415865384615384 0.06490384615384616 0.040865384615384616
270 0.4206730769230769 0.8028846153846154 0.0673076923076923 0.038461538461538464
270 0.6586538461538461 0.7475961538461539 0.0673076923076923 0.040865384615384616
270 0.6538461538461539 0.8088942307692307 0.0673076923076923 0.038461538461538464