39 0.5408653846153846 0.18389423076923078 0.055288461538461536 0.04326923076923077
25 0.5072115384615384 0.28725961538461536 0.055288461538461536 0.04326923076923077
24 0.4387019230769231 0.28725961538461536 0.055288461538461536 0.04567307692307692
38 0.609375 0.23557692307692307 0.055288461538461536 0.04326923076923077
37 0.5420673076923077 0.23677884615384615 0.055288461538461536 0.04326923076923077
36 0.4735576923076923 0.23557692307692307 0.055288461538461536 0.04326923076923077
23 0.6430288461538461 0.3401442307692308 0.055288461538461536 0.04326923076923077
22 0.5745192307692307 0.3389423076923077 0.055288461538461536 0.04326923076923077
16 0.5072115384615384 0.3389423076923077 0.055288461538461536 0.04326923076923077
11 0.4387019230769231 0.3389423076923077 0.055288461538461536 0.04326923076923077
28 0.6430288461538461 0.28846153846153844 0.055288461538461536 0.04326923076923077
26 0.5757211538461539 0.28725961538461536 0.055288461538461536 0.04326923076923077
85 0.5745192307692307 0.44350961538461536 0.055288461538461536 0.04567307692307692
99 0.6418269230769231 0.44350961538461536 0.055288461538461536 0.04326923076923077
110 0.4387019230769231 0.390625 0.055288461538461536 0.04326923076923077
111 0.5060096153846154 0.390625 0.055288461538461536 0.04326923076923077
113 0.5745192307692307 0.3918269230769231 0.055288461538461536 0.04326923076923077
10 0.6430288461538461 0.39302884615384615 0.055288461538461536 0.04326923076923077
232 0.6081730769230769 0.546875 0.055288461538461536 0.04326923076923077
35 0.5745192307692307 0.4951923076923077 0.055288461538461536 0.04326923076923077
283 0.5060096153846154 0.49399038461538464 0.055288461538461536 0.04326923076923077
53 0.4375 0.4423076923076923 0.055288461538461536 0.04326923076923077
72 0.5060096153846154 0.4423076923076923 0.055288461538461536 0.04567307692307692
259 0.5384615384615384 0.6502403846153846 0.055288461538461536 0.04326923076923077
275 0.47115384615384615 0.5985576923076923 0.055288461538461536 0.04567307692307692
202 0.47115384615384615 0.5456730769230769 0.055288461538461536 0.04326923076923077
264 0.6069711538461539 0.5985576923076923 0.055288461538461536 0.04326923076923077
195 0.5396634615384616 0.546875 0.055288461538461536 0.04326923076923077
263 0.5384615384615384 0.7019230769230769 0.055288461538461536 0.04326923076923077