273 0.4543269230769231 0.1310096153846154 0.07211538461538461 0.23076923076923078
260 0.45913461538461536 0.43028846153846156 0.02403846153846154 0.038461538461538464
275 0.44350961538461536 0.5144230769230769 0.02403846153846154 0.03365384615384615
264 0.47596153846153844 0.5144230769230769 0.02403846153846154 0.036057692307692304
28 0.44350961538461536 0.5757211538461539 0.02403846153846154 0.036057692307692304
26 0.44350961538461536 0.6177884615384616 0.02403846153846154 0.038461538461538464
25 0.44350961538461536 0.6586538461538461 0.02403846153846154 0.036057692307692304
24 0.44350961538461536 0.7007211538461539 0.02403846153846154 0.036057692307692304
23 0.44471153846153844 0.7439903846153846 0.02403846153846154 0.038461538461538464
22 0.44471153846153844 0.7860576923076923 0.02403846153846154 0.038461538461538464
16 0.44471153846153844 0.8293269230769231 0.02403846153846154 0.038461538461538464
152 0.44591346153846156 0.8713942307692307 0.02403846153846154 0.038461538461538464
36 0.47716346153846156 0.8257211538461539 0.02403846153846154 0.038461538461538464
37 0.47716346153846156 0.7836538461538461 0.02403846153846154 0.038461538461538464
38 0.47716346153846156 0.7415865384615384 0.02403846153846154 0.038461538461538464
39 0.47596153846153844 0.6995192307692307 0.02403846153846154 0.038461538461538464
41 0.47596153846153844 0.6586538461538461 0.02403846153846154 0.038461538461538464
42 0.47475961538461536 0.6177884615384616 0.02403846153846154 0.038461538461538464
43 0.47596153846153844 0.5745192307692307 0.02403846153846154 0.038461538461538464
323 0.46274038461538464 0.9350961538461539 0.021634615384615384 0.04326923076923077