320 0.46274038461538464 0.20192307692307693 0.026442307692307692 0.036057692307692304
291 0.4963942307692308 0.20192307692307693 0.026442307692307692 0.03365384615384615
363 0.53125 0.203125 0.028846153846153848 0.03365384615384615
272 0.5661057692307693 0.203125 0.026442307692307692 0.036057692307692304
43 0.46274038461538464 0.3293269230769231 0.028846153846153848 0.036057692307692304
43 0.4951923076923077 0.328125 0.02403846153846154 0.036057692307692304
42 0.5300480769230769 0.35216346153846156 0.028846153846153848 0.03365384615384615
42 0.5637019230769231 0.35216346153846156 0.02403846153846154 0.03125
41 0.46153846153846156 0.37259615384615385 0.028846153846153848 0.036057692307692304
41 0.4951923076923077 0.3737980769230769 0.026442307692307692 0.036057692307692304
39 0.5288461538461539 0.3942307692307692 0.028846153846153848 0.036057692307692304
39 0.5637019230769231 0.3942307692307692 0.02403846153846154 0.03365384615384615
38 0.46153846153846156 0.41466346153846156 0.028846153846153848 0.036057692307692304
38 0.4951923076923077 0.41586538461538464 0.02403846153846154 0.036057692307692304
37 0.5288461538461539 0.4375 0.028846153846153848 0.036057692307692304
37 0.5637019230769231 0.4375 0.02403846153846154 0.036057692307692304
36 0.46153846153846156 0.45913461538461536 0.026442307692307692 0.036057692307692304
36 0.4951923076923077 0.4579326923076923 0.02403846153846154 0.03365384615384615
28 0.5288461538461539 0.47836538461538464 0.028846153846153848 0.03365384615384615
28 0.5625 0.4795673076923077 0.026442307692307692 0.03365384615384615
26 0.46153846153846156 0.5 0.028846153846153848 0.03365384615384615
26 0.49399038461538464 0.5012019230769231 0.02403846153846154 0.03365384615384615
25 0.5288461538461539 0.5228365384615384 0.028846153846153848 0.03365384615384615
25 0.5625 0.5216346153846154 0.02403846153846154 0.03365384615384615
24 0.46153846153846156 0.5408653846153846 0.026442307692307692 0.03365384615384615
24 0.49278846153846156 0.5432692307692307 0.02403846153846154 0.03365384615384615
23 0.5276442307692307 0.5625 0.028846153846153848 0.03365384615384615
23 0.5612980769230769 0.5637019230769231 0.02403846153846154 0.03365384615384615
22 0.46033653846153844 0.5853365384615384 0.02403846153846154 0.03365384615384615
22 0.49399038461538464 0.5829326923076923 0.02403846153846154 0.03365384615384615
20 0.5276442307692307 0.6045673076923077 0.026442307692307692 0.03125
20 0.5612980769230769 0.6033653846153846 0.02403846153846154 0.03365384615384615
53 0.5276442307692307 0.6442307692307693 0.02403846153846154 0.03125
53 0.5600961538461539 0.6442307692307693 0.02403846153846154 0.03125
129 0.46033653846153844 0.6634615384615384 0.026442307692307692 0.03365384615384615
324 0.49278846153846156 0.6634615384615384 0.02403846153846154 0.03365384615384615
229 0.5276442307692307 0.6862980769230769 0.026442307692307692 0.03365384615384615
360 0.5600961538461539 0.6850961538461539 0.02403846153846154 0.03365384615384615
243 0.46153846153846156 0.7067307692307693 0.026442307692307692 0.03365384615384615
323 0.49278846153846156 0.7043269230769231 0.02403846153846154 0.03365384615384615
354 0.4375 0.8100961538461539 0.026442307692307692 0.028846153846153848
323 0.4639423076923077 0.8088942307692307 0.02403846153846154 0.03365384615384615
331 0.5588942307692307 0.8088942307692307 0.028846153846153848 0.03365384615384615
323 0.5853365384615384 0.8088942307692307 0.02403846153846154 0.03365384615384615
272 0.5252403846153846 0.8076923076923077 0.028846153846153848 0.038461538461538464
266 0.49278846153846156 0.6225961538461539 0.02403846153846154 0.03365384615384615