259 0.34134615384615385 0.4338942307692308 0.04567307692307692 0.07692307692307693
264 0.34375 0.5120192307692307 0.04326923076923077 0.07451923076923077
275 0.3449519230769231 0.5889423076923077 0.04326923076923077 0.07451923076923077
36 0.39783653846153844 0.4326923076923077 0.040865384615384616 0.07451923076923077
37 0.4423076923076923 0.43149038461538464 0.040865384615384616 0.07211538461538461
38 0.4855769230769231 0.43149038461538464 0.040865384615384616 0.07451923076923077
39 0.5300480769230769 0.42908653846153844 0.040865384615384616 0.07451923076923077
41 0.5745192307692307 0.42908653846153844 0.038461538461538464 0.07211538461538461
187 0.6177884615384616 0.42788461538461536 0.040865384615384616 0.07451923076923077
232 0.6622596153846154 0.4254807692307692 0.040865384615384616 0.06971153846153846
28 0.6610576923076923 0.5036057692307693 0.040865384615384616 0.06971153846153846
26 0.6165865384615384 0.5048076923076923 0.040865384615384616 0.07211538461538461
25 0.5745192307692307 0.5060096153846154 0.040865384615384616 0.06971153846153846
24 0.5300480769230769 0.5072115384615384 0.038461538461538464 0.06971153846153846
23 0.48677884615384615 0.5072115384615384 0.038461538461538464 0.06971153846153846
22 0.4423076923076923 0.5096153846153846 0.040865384615384616 0.06971153846153846
20 0.39903846153846156 0.5108173076923077 0.04326923076923077 0.06971153846153846
120 0.40024038461538464 0.5877403846153846 0.040865384615384616 0.07211538461538461
9 0.44350961538461536 0.5853365384615384 0.040865384615384616 0.06971153846153846
111 0.48677884615384615 0.5841346153846154 0.038461538461538464 0.06971153846153846
113 0.5300480769230769 0.5829326923076923 0.038461538461538464 0.06971153846153846
10 0.5745192307692307 0.5817307692307693 0.038461538461538464 0.06971153846153846
11 0.6165865384615384 0.5817307692307693 0.040865384615384616 0.06971153846153846
16 0.6610576923076923 0.5805288461538461 0.040865384615384616 0.0673076923076923
131 0.8701923076923077 0.38461538461538464 0.07932692307692307 0.14903846153846154