319 0.3112980769230769 0.11538461538461539 0.057692307692307696 0.055288461538461536
272 0.39903846153846156 0.1045673076923077 0.0625 0.057692307692307696
59 0.27403846153846156 0.23798076923076922 0.052884615384615384 0.04807692307692308
60 0.3557692307692308 0.23317307692307693 0.055288461538461536 0.04807692307692308
61 0.4495192307692308 0.22716346153846154 0.06009615384615385 0.05048076923076923
57 0.4495192307692308 0.29447115384615385 0.0625 0.055288461538461536
54 0.453125 0.35697115384615385 0.0625 0.055288461538461536
44 0.453125 0.41947115384615385 0.0625 0.052884615384615384
41 0.453125 0.4807692307692308 0.0625 0.05048076923076923
37 0.4543269230769231 0.5396634615384616 0.0625 0.05048076923076923
26 0.45552884615384615 0.5973557692307693 0.0625 0.052884615384615384
23 0.45552884615384615 0.6538461538461539 0.0625 0.05048076923076923
16 0.4567307692307692 0.7067307692307693 0.06009615384615385 0.05048076923076923
113 0.4567307692307692 0.7560096153846154 0.057692307692307696 0.04807692307692308
99 0.45913461538461536 0.8064903846153846 0.057692307692307696 0.04807692307692308
53 0.46033653846153844 0.8545673076923077 0.057692307692307696 0.04807692307692308
56 0.359375 0.2956730769230769 0.057692307692307696 0.055288461538461536
47 0.3605769230769231 0.3557692307692308 0.057692307692307696 0.052884615384615384
43 0.36177884615384615 0.41466346153846156 0.06009615384615385 0.052884615384615384
39 0.3641826923076923 0.4723557692307692 0.057692307692307696 0.052884615384615384
36 0.36538461538461536 0.5288461538461539 0.055288461538461536 0.05048076923076923
25 0.36778846153846156 0.5841346153846154 0.055288461538461536 0.05048076923076923
22 0.36899038461538464 0.6370192307692307 0.057692307692307696 0.052884615384615384
11 0.3713942307692308 0.6887019230769231 0.057692307692307696 0.04807692307692308
111 0.3762019230769231 0.7367788461538461 0.055288461538461536 0.04807692307692308
85 0.37740384615384615 0.7848557692307693 0.05048076923076923 0.04326923076923077
266 0.3798076923076923 0.8305288461538461 0.05048076923076923 0.04567307692307692
260 0.38100961538461536 0.875 0.04807692307692308 0.04326923076923077
335 0.38341346153846156 0.9182692307692307 0.05048076923076923 0.04807692307692308
55 0.27524038461538464 0.2956730769230769 0.052884615384615384 0.04807692307692308
46 0.27884615384615385 0.35336538461538464 0.052884615384615384 0.04567307692307692
42 0.28125 0.4098557692307692 0.05048076923076923 0.04807692307692308
38 0.28365384615384615 0.46634615384615385 0.052884615384615384 0.05048076923076923
28 0.28725961538461536 0.5192307692307693 0.052884615384615384 0.04807692307692308
24 0.29086538461538464 0.5709134615384616 0.05048076923076923 0.04326923076923077
20 0.2932692307692308 0.6225961538461539 0.05048076923076923 0.04807692307692308
10 0.296875 0.6694711538461539 0.052884615384615384 0.04807692307692308
110 0.29927884615384615 0.7163461538461539 0.05048076923076923 0.04567307692307692
72 0.30649038461538464 0.7644230769230769 0.05048076923076923 0.04326923076923077
260 0.3076923076923077 0.8064903846153846 0.05048076923076923 0.04326923076923077