10 0.328125 0.4074519230769231 0.20673076923076922 0.08173076923076923
111 0.328125 0.4807692307692308 0.20192307692307693 0.08653846153846154
99 0.3293269230769231 0.5552884615384616 0.20432692307692307 0.08413461538461539
72 0.3317307692307692 0.6262019230769231 0.20432692307692307 0.08413461538461539
35 0.3317307692307692 0.6947115384615384 0.19951923076923078 0.08413461538461539
152 0.3329326923076923 0.7644230769230769 0.1971153846153846 0.08413461538461539
36 0.5432692307692307 0.484375 0.2091346153846154 0.0889423076923077
26 0.5432692307692307 0.5576923076923077 0.20432692307692307 0.08413461538461539
260 0.5432692307692307 0.6310096153846154 0.20192307692307693 0.08413461538461539
260 0.5408653846153846 0.6995192307692307 0.20192307692307693 0.08173076923076923
260 0.5396634615384616 0.7692307692307693 0.19951923076923078 0.08173076923076923
264 0.5360576923076923 0.9026442307692307 0.18990384615384615 0.07932692307692307
275 0.33413461538461536 0.8978365384615384 0.19471153846153846 0.08653846153846154
259 0.4375 0.171875 0.21634615384615385 0.09375
38 0.5420673076923077 0.40384615384615385 0.21634615384615385 0.08413461538461539