273 0.484375 0.16947115384615385 0.12259615384615384 0.25240384615384615
259 0.5144230769230769 0.421875 0.019230769230769232 0.021634615384615384
260 0.515625 0.4483173076923077 0.019230769230769232 0.021634615384615384
42 0.5180288461538461 0.47596153846153844 0.019230769230769232 0.021634615384615384
41 0.5204326923076923 0.5012019230769231 0.019230769230769232 0.021634615384615384
39 0.5216346153846154 0.5276442307692307 0.019230769230769232 0.021634615384615384
38 0.5228365384615384 0.5540865384615384 0.019230769230769232 0.021634615384615384
37 0.5252403846153846 0.5805288461538461 0.019230769230769232 0.021634615384615384
36 0.5264423076923077 0.6081730769230769 0.019230769230769232 0.021634615384615384
28 0.5288461538461539 0.6358173076923077 0.019230769230769232 0.021634615384615384
26 0.53125 0.6622596153846154 0.019230769230769232 0.021634615384615384
25 0.5336538461538461 0.6911057692307693 0.021634615384615384 0.02403846153846154
24 0.5348557692307693 0.7175480769230769 0.019230769230769232 0.021634615384615384
23 0.5372596153846154 0.7451923076923077 0.019230769230769232 0.021634615384615384
16 0.5384615384615384 0.7728365384615384 0.019230769230769232 0.02403846153846154
152 0.4963942307692308 0.7824519230769231 0.019230769230769232 0.021634615384615384
9 0.49399038461538464 0.7548076923076923 0.019230769230769232 0.021634615384615384
35 0.49158653846153844 0.7259615384615384 0.019230769230769232 0.021634615384615384
53 0.49038461538461536 0.6971153846153846 0.019230769230769232 0.021634615384615384
72 0.4891826923076923 0.6694711538461539 0.019230769230769232 0.021634615384615384
85 0.48677884615384615 0.6418269230769231 0.019230769230769232 0.021634615384615384
99 0.4855769230769231 0.6117788461538461 0.019230769230769232 0.021634615384615384
110 0.4831730769230769 0.5865384615384616 0.019230769230769232 0.021634615384615384
111 0.48197115384615385 0.5576923076923077 0.019230769230769232 0.021634615384615384
113 0.4807692307692308 0.5288461538461539 0.019230769230769232 0.021634615384615384
10 0.47836538461538464 0.5024038461538461 0.019230769230769232 0.021634615384615384
11 0.47596153846153844 0.47475961538461536 0.019230769230769232 0.021634615384615384
264 0.5420673076923077 0.828125 0.019230769230769232 0.02403846153846154
275 0.5 0.8401442307692307 0.019230769230769232 0.021634615384615384