273 0.4891826923076923 0.35096153846153844 0.15865384615384615 0.14182692307692307
266 0.49158653846153844 0.8353365384615384 0.03125 0.040865384615384616
85 0.49038461538461536 0.46634615384615385 0.06971153846153846 0.05048076923076923
53 0.453125 0.5240384615384616 0.06971153846153846 0.05048076923076923
72 0.5300480769230769 0.5228365384615384 0.06971153846153846 0.04807692307692308
35 0.5288461538461539 0.5793269230769231 0.0673076923076923 0.04326923076923077
281 0.453125 0.5793269230769231 0.06971153846153846 0.04326923076923077
202 0.4543269230769231 0.6334134615384616 0.0673076923076923 0.04326923076923077
195 0.5276442307692307 0.6334134615384616 0.06490384615384616 0.04326923076923077
264 0.5276442307692307 0.6850961538461539 0.0673076923076923 0.04326923076923077
275 0.45552884615384615 0.6862980769230769 0.0673076923076923 0.04326923076923077
259 0.45552884615384615 0.7367788461538461 0.06490384615384616 0.04326923076923077
289 0.5276442307692307 0.7355769230769231 0.06490384615384616 0.04326923076923077
263 0.44711538461538464 0.8353365384615384 0.055288461538461536 0.038461538461538464
344 0.5372596153846154 0.8341346153846154 0.055288461538461536 0.038461538461538464
291 0.48677884615384615 0.03245192307692308 0.07932692307692307 0.06009615384615385