9 0.45913461538461536 0.24519230769230768 0.055288461538461536 0.0985576923076923
35 0.5288461538461539 0.2403846153846154 0.055288461538461536 0.09375
53 0.5973557692307693 0.23557692307692307 0.05048076923076923 0.0889423076923077
72 0.46153846153846156 0.36538461538461536 0.052884615384615384 0.09375
85 0.5288461538461539 0.3629807692307692 0.055288461538461536 0.09375
99 0.5973557692307693 0.35697115384615385 0.055288461538461536 0.09615384615384616
113 0.5961538461538461 0.47475961538461536 0.055288461538461536 0.09375
111 0.5300480769230769 0.47836538461538464 0.052884615384615384 0.0889423076923077
110 0.4651442307692308 0.4795673076923077 0.052884615384615384 0.09134615384615384
275 0.46634615384615385 0.5889423076923077 0.052884615384615384 0.09134615384615384
266 0.5264423076923077 0.5949519230769231 0.038461538461538464 0.0673076923076923
259 0.5973557692307693 0.5853365384615384 0.055288461538461536 0.09615384615384616