259 0.5492788461538461 0.3737980769230769 0.09615384615384616 0.07692307692307693
10 0.4675480769230769 0.47596153846153844 0.09375 0.07451923076923077
11 0.6286057692307693 0.46634615384615385 0.08653846153846154 0.07211538461538461
111 0.4699519230769231 0.5540865384615384 0.09615384615384616 0.06971153846153846
113 0.6286057692307693 0.5408653846153846 0.08653846153846154 0.06971153846153846
99 0.4699519230769231 0.6274038461538461 0.0889423076923077 0.06971153846153846
260 0.625 0.6117788461538461 0.08173076923076923 0.0673076923076923
260 0.47115384615384615 0.6971153846153846 0.0889423076923077 0.0673076923076923
85 0.6225961538461539 0.6814903846153846 0.08173076923076923 0.0673076923076923
260 0.4723557692307692 0.7644230769230769 0.0889423076923077 0.0673076923076923
53 0.6201923076923077 0.7439903846153846 0.07932692307692307 0.06490384615384616
260 0.4735576923076923 0.8341346153846154 0.08413461538461539 0.06490384615384616
9 0.6213942307692307 0.8100961538461539 0.08173076923076923 0.0673076923076923
260 0.47475961538461536 0.90625 0.08173076923076923 0.07211538461538461
264 0.6189903846153846 0.8798076923076923 0.08413461538461539 0.06971153846153846