26 0.6081730769230769 0.3269230769230769 0.04807692307692308 0.04807692307692308
259 0.6033653846153846 0.6983173076923077 0.04326923076923077 0.040865384615384616
275 0.6021634615384616 0.7331730769230769 0.04326923076923077 0.038461538461538464
264 0.6442307692307693 0.7331730769230769 0.040865384615384616 0.036057692307692304
24 0.6081730769230769 0.36778846153846156 0.04807692307692308 0.04807692307692308
22 0.6069711538461539 0.40625 0.04807692307692308 0.04567307692307692
16 0.6057692307692307 0.44350961538461536 0.04807692307692308 0.04567307692307692
10 0.6045673076923077 0.4831730769230769 0.04807692307692308 0.04326923076923077
111 0.6045673076923077 0.5204326923076923 0.05048076923076923 0.04326923076923077
99 0.6033653846153846 0.5576923076923077 0.05048076923076923 0.04567307692307692
72 0.6021634615384616 0.5925480769230769 0.05048076923076923 0.04326923076923077
9 0.6021634615384616 0.6286057692307693 0.052884615384615384 0.04326923076923077
25 0.6538461538461539 0.36538461538461536 0.04807692307692308 0.04807692307692308
23 0.6538461538461539 0.4050480769230769 0.04807692307692308 0.04807692307692308
20 0.6526442307692307 0.44350961538461536 0.04567307692307692 0.04807692307692308
11 0.6514423076923077 0.48197115384615385 0.04567307692307692 0.04567307692307692
113 0.6514423076923077 0.5192307692307693 0.04326923076923077 0.04326923076923077
110 0.6502403846153846 0.5540865384615384 0.04326923076923077 0.04807692307692308
85 0.6490384615384616 0.5913461538461539 0.04326923076923077 0.04326923076923077
35 0.6490384615384616 0.6286057692307693 0.04567307692307692 0.04326923076923077