262 0.265625 0.13942307692307693 0.2403846153846154 0.11298076923076923
320 0.7716346153846154 0.13942307692307693 0.2403846153846154 0.11298076923076923
72 0.27403846153846156 0.265625 0.23317307692307693 0.10576923076923077
85 0.765625 0.265625 0.2283653846153846 0.10817307692307693
35 0.2776442307692308 0.3894230769230769 0.22596153846153846 0.10336538461538461
53 0.7620192307692307 0.38822115384615385 0.22355769230769232 0.10576923076923077
119 0.28365384615384615 0.5048076923076923 0.22596153846153846 0.10096153846153846
152 0.7560096153846154 0.5048076923076923 0.21634615384615385 0.10096153846153846
272 0.2860576923076923 0.6213942307692307 0.18028846153846154 0.08413461538461539
272 0.29447115384615385 0.7283653846153846 0.17548076923076922 0.08173076923076923
272 0.7475961538461539 0.6189903846153846 0.18269230769230768 0.08413461538461539
272 0.7475961538461539 0.7271634615384616 0.1778846153846154 0.07932692307692307
335 0.5228365384615384 0.8257211538461539 0.2091346153846154 0.08413461538461539
72 0.08052884615384616 0.26802884615384615 0.16105769230769232 0.09375
85 0.5649038461538461 0.2668269230769231 0.18509615384615385 0.09615384615384616
35 0.08413461538461539 0.3894230769230769 0.16826923076923078 0.09134615384615384
53 0.5685096153846154 0.3858173076923077 0.18509615384615385 0.0889423076923077
119 0.09134615384615384 0.5060096153846154 0.18269230769230768 0.08413461538461539
157 0.5673076923076923 0.5048076923076923 0.18028846153846154 0.08413461538461539