259 0.49278846153846156 0.11899038461538461 0.02403846153846154 0.04567307692307692
265 0.45913461538461536 0.16947115384615385 0.026442307692307692 0.04807692307692308
366 0.49399038461538464 0.17307692307692307 0.026442307692307692 0.04567307692307692
290 0.4579326923076923 0.11658653846153846 0.026442307692307692 0.04807692307692308
113 0.45913461538461536 0.2764423076923077 0.02403846153846154 0.04567307692307692
111 0.45913461538461536 0.3293269230769231 0.02403846153846154 0.04807692307692308
110 0.46033653846153844 0.3786057692307692 0.02403846153846154 0.04567307692307692
99 0.46033653846153844 0.43028846153846156 0.02403846153846154 0.04567307692307692
85 0.46153846153846156 0.4831730769230769 0.02403846153846154 0.04567307692307692
72 0.46033653846153844 0.5324519230769231 0.02403846153846154 0.04326923076923077
53 0.46153846153846156 0.5829326923076923 0.02403846153846154 0.04326923076923077
35 0.46153846153846156 0.6370192307692307 0.02403846153846154 0.04326923076923077
9 0.46274038461538464 0.6850961538461539 0.02403846153846154 0.04567307692307692
10 0.49759615384615385 0.6298076923076923 0.026442307692307692 0.04567307692307692
11 0.4963942307692308 0.5805288461538461 0.026442307692307692 0.04326923076923077
16 0.4951923076923077 0.5300480769230769 0.026442307692307692 0.04326923076923077
22 0.4951923076923077 0.4807692307692308 0.026442307692307692 0.04567307692307692
23 0.4951923076923077 0.43028846153846156 0.026442307692307692 0.04567307692307692
24 0.49399038461538464 0.3798076923076923 0.026442307692307692 0.04807692307692308
25 0.49399038461538464 0.3269230769230769 0.026442307692307692 0.04567307692307692
26 0.49399038461538464 0.2764423076923077 0.026442307692307692 0.04567307692307692
275 0.4651442307692308 0.8401442307692307 0.02403846153846154 0.04326923076923077
264 0.4987980769230769 0.8329326923076923 0.02403846153846154 0.04567307692307692
259 0.7776442307692307 0.13581730769230768 0.02403846153846154 0.04326923076923077
366 0.7776442307692307 0.18389423076923078 0.021634615384615384 0.036057692307692304
265 0.8076923076923077 0.18509615384615385 0.021634615384615384 0.038461538461538464
365 0.7788461538461539 0.27884615384615385 0.02403846153846154 0.038461538461538464
365 0.8088942307692307 0.27884615384615385 0.02403846153846154 0.038461538461538464
111 0.8076923076923077 0.3245192307692308 0.02403846153846154 0.038461538461538464
365 0.7788461538461539 0.3245192307692308 0.02403846153846154 0.038461538461538464
365 0.7776442307692307 0.37259615384615385 0.02403846153846154 0.038461538461538464
365 0.8076923076923077 0.37259615384615385 0.02403846153846154 0.038461538461538464
365 0.8076923076923077 0.41947115384615385 0.02403846153846154 0.038461538461538464
365 0.7788461538461539 0.41947115384615385 0.026442307692307692 0.038461538461538464
365 0.7776442307692307 0.4675480769230769 0.02403846153846154 0.038461538461538464
365 0.8076923076923077 0.46634615384615385 0.02403846153846154 0.038461538461538464
365 0.8076923076923077 0.5132211538461539 0.02403846153846154 0.038461538461538464
365 0.7776442307692307 0.5132211538461539 0.02403846153846154 0.038461538461538464
365 0.7776442307692307 0.5612980769230769 0.02403846153846154 0.038461538461538464
365 0.8076923076923077 0.5588942307692307 0.02403846153846154 0.038461538461538464
365 0.8076923076923077 0.6057692307692307 0.02403846153846154 0.038461538461538464
365 0.7776442307692307 0.6069711538461539 0.02403846153846154 0.038461538461538464
365 0.8076923076923077 0.6514423076923077 0.02403846153846154 0.038461538461538464
275 0.8076923076923077 0.7872596153846154 0.02403846153846154 0.038461538461538464
264 0.7788461538461539 0.7920673076923077 0.02403846153846154 0.038461538461538464
272 0.7932692307692307 0.8858173076923077 0.019230769230769232 0.03365384615384615