275 0.3858173076923077 0.4026442307692308 0.0889423076923077 0.052884615384615384
264 0.5276442307692307 0.40024038461538464 0.08653846153846154 0.052884615384615384
85 0.3870192307692308 0.47836538461538464 0.0889423076923077 0.052884615384615384
72 0.3894230769230769 0.5372596153846154 0.0889423076923077 0.05048076923076923
53 0.3918269230769231 0.5949519230769231 0.0889423076923077 0.05048076923076923
35 0.3942307692307692 0.6526442307692307 0.0889423076923077 0.052884615384615384
260 0.3954326923076923 0.7079326923076923 0.0889423076923077 0.052884615384615384
260 0.39663461538461536 0.7644230769230769 0.08173076923076923 0.05048076923076923
99 0.5348557692307693 0.7572115384615384 0.07932692307692307 0.05048076923076923
110 0.5348557692307693 0.703125 0.07932692307692307 0.05048076923076923
111 0.5336538461538461 0.6466346153846154 0.07932692307692307 0.05048076923076923
113 0.5336538461538461 0.5901442307692307 0.07932692307692307 0.05048076923076923
10 0.5288461538461539 0.5324519230769231 0.07932692307692307 0.05048076923076923
11 0.5288461538461539 0.47596153846153844 0.07932692307692307 0.05048076923076923
260 0.38341346153846156 0.32211538461538464 0.10096153846153846 0.0673076923076923