10 0.6057692307692307 0.07932692307692307 0.055288461538461536 0.0985576923076923
113 0.5324519230769231 0.08052884615384616 0.055288461538461536 0.0985576923076923
110 0.5324519230769231 0.1935096153846154 0.055288461538461536 0.0985576923076923
111 0.6045673076923077 0.19230769230769232 0.055288461538461536 0.0985576923076923
85 0.5324519230769231 0.3016826923076923 0.055288461538461536 0.0985576923076923
99 0.6033653846153846 0.29927884615384615 0.055288461538461536 0.0985576923076923
53 0.5336538461538461 0.4074519230769231 0.055288461538461536 0.0985576923076923
72 0.6021634615384616 0.40384615384615385 0.055288461538461536 0.0985576923076923
9 0.53125 0.5084134615384616 0.052884615384615384 0.09615384615384616
35 0.6009615384615384 0.5060096153846154 0.052884615384615384 0.09615384615384616
275 0.5324519230769231 0.8894230769230769 0.04567307692307692 0.08413461538461539
264 0.5997596153846154 0.8858173076923077 0.04567307692307692 0.08413461538461539
353 0.5661057692307693 0.7932692307692307 0.04567307692307692 0.08413461538461539