110 0.25600961538461536 0.12740384615384615 0.25 0.15865384615384615
111 0.5192307692307693 0.15504807692307693 0.25961538461538464 0.16826923076923078
113 0.7800480769230769 0.18870192307692307 0.2668269230769231 0.1658653846153846
72 0.2620192307692308 0.2764423076923077 0.24278846153846154 0.14423076923076922
85 0.5072115384615384 0.3076923076923077 0.2403846153846154 0.1466346153846154
99 0.7560096153846154 0.33533653846153844 0.2548076923076923 0.14182692307692307
277 0.2668269230769231 0.4098557692307692 0.22596153846153846 0.1346153846153846
35 0.4987980769230769 0.4423076923076923 0.2283653846153846 0.14903846153846154
53 0.7295673076923077 0.4675480769230769 0.23557692307692307 0.1346153846153846
275 0.27524038461538464 0.6298076923076923 0.20673076923076922 0.10336538461538461
264 0.6911057692307693 0.6862980769230769 0.20673076923076922 0.11057692307692307
259 0.2824519230769231 0.7259615384615384 0.19230769230769232 0.10576923076923077
289 0.6730769230769231 0.7776442307692307 0.1875 0.10096153846153846