110 0.42788461538461536 0.14903846153846154 0.09375 0.12740384615384615
85 0.4362980769230769 0.3317307692307692 0.09134615384615384 0.11538461538461539
99 0.6105769230769231 0.3233173076923077 0.09134615384615384 0.11298076923076923
53 0.44350961538461536 0.49759615384615385 0.08173076923076923 0.10576923076923077
72 0.609375 0.4891826923076923 0.08173076923076923 0.10576923076923077
9 0.4495192307692308 0.6454326923076923 0.07932692307692307 0.10336538461538461
35 0.6081730769230769 0.6358173076923077 0.07932692307692307 0.10096153846153846
275 0.45913461538461536 0.8233173076923077 0.07211538461538461 0.0889423076923077
264 0.6057692307692307 0.8137019230769231 0.06971153846153846 0.0889423076923077
270 0.46153846153846156 0.9447115384615384 0.06009615384615385 0.07451923076923077
270 0.6033653846153846 0.9387019230769231 0.06009615384615385 0.07451923076923077
266 0.6129807692307693 0.13581730769230768 0.09134615384615384 0.12740384615384615