53 0.3894230769230769 0.4855769230769231 0.2692307692307692 0.08173076923076923
35 0.4014423076923077 0.5673076923076923 0.2692307692307692 0.08173076923076923
277 0.40865384615384615 0.6466346153846154 0.25721153846153844 0.07932692307692307
275 0.4170673076923077 0.734375 0.25240384615384615 0.07451923076923077
275 0.4254807692307692 0.8040865384615384 0.24759615384615385 0.07451923076923077
264 0.7019230769230769 0.7848557692307693 0.23557692307692307 0.08653846153846154
264 0.6995192307692307 0.7151442307692307 0.24278846153846154 0.08653846153846154
33 0.6995192307692307 0.6274038461538461 0.24759615384615385 0.09134615384615384
259 0.4387019230769231 0.8894230769230769 0.24519230769230768 0.07451923076923077
266 0.6959134615384616 0.1045673076923077 0.24759615384615385 0.10576923076923077
272 0.3449519230769231 0.21394230769230768 0.25961538461538464 0.09134615384615384
269 0.38341346153846156 0.11057692307692307 0.34375 0.0985576923076923
263 0.6826923076923077 0.2980769230769231 0.27884615384615385 0.10096153846153846