263 0.40865384615384615 0.18990384615384615 0.15144230769230768 0.08653846153846154
259 0.5829326923076923 0.19110576923076922 0.15144230769230768 0.08653846153846154
232 0.5841346153846154 0.3173076923076923 0.13942307692307693 0.08413461538461539
72 0.4098557692307692 0.4026442307692308 0.13942307692307693 0.08413461538461539
53 0.5841346153846154 0.40024038461538464 0.13942307692307693 0.08413461538461539
9 0.5817307692307693 0.484375 0.13942307692307693 0.08413461538461539
35 0.4110576923076923 0.4855769230769231 0.13942307692307693 0.08413461538461539
119 0.4110576923076923 0.5673076923076923 0.13942307692307693 0.08413461538461539
275 0.41346153846153844 0.6754807692307693 0.12740384615384615 0.07451923076923077
264 0.5757211538461539 0.6742788461538461 0.12740384615384615 0.07692307692307693
272 0.5012019230769231 0.9122596153846154 0.12740384615384615 0.07451923076923077