72 0.21514423076923078 0.15264423076923078 0.1466346153846154 0.10096153846153846
20 0.5480769230769231 0.14903846153846154 0.13942307692307693 0.10096153846153846
53 0.22956730769230768 0.2668269230769231 0.13701923076923078 0.09615384615384616
35 0.24519230769230768 0.36899038461538464 0.12980769230769232 0.08653846153846154
9 0.2536057692307692 0.46153846153846156 0.125 0.08173076923076923
16 0.5444711538461539 0.25841346153846156 0.12259615384615384 0.0889423076923077
11 0.5432692307692307 0.35697115384615385 0.11778846153846154 0.08653846153846154
10 0.5396634615384616 0.4495192307692308 0.11298076923076923 0.07932692307692307
113 0.5372596153846154 0.5324519230769231 0.10576923076923077 0.07451923076923077
111 0.5360576923076923 0.6069711538461539 0.0985576923076923 0.06490384615384616
110 0.5348557692307693 0.6778846153846154 0.09615384615384616 0.06490384615384616
99 0.53125 0.7451923076923077 0.09375 0.057692307692307696
85 0.5336538461538461 0.8064903846153846 0.09375 0.057692307692307696
144 0.2644230769230769 0.5480769230769231 0.11298076923076923 0.07932692307692307
250 0.27524038461538464 0.6262019230769231 0.10817307692307693 0.0673076923076923
272 0.2956730769230769 0.8257211538461539 0.0985576923076923 0.0625
275 0.30649038461538464 0.8846153846153846 0.06009615384615385 0.04807692307692308
259 0.7415865384615384 0.84375 0.06009615384615385 0.04807692307692308
37 0.8353365384615384 0.24879807692307693 0.12259615384615384 0.09134615384615384
36 0.8221153846153846 0.34615384615384615 0.11778846153846154 0.08653846153846154
28 0.8052884615384616 0.4338942307692308 0.11298076923076923 0.07692307692307693
26 0.7956730769230769 0.515625 0.10576923076923077 0.07451923076923077
25 0.7836538461538461 0.5913461538461539 0.10096153846153846 0.06490384615384616
24 0.7728365384615384 0.6622596153846154 0.09615384615384616 0.0625
23 0.7620192307692307 0.7259615384615384 0.09134615384615384 0.057692307692307696
22 0.7536057692307693 0.7860576923076923 0.09134615384615384 0.057692307692307696