113 0.5048076923076923 0.28125 0.028846153846153848 0.04807692307692308
111 0.5060096153846154 0.3425480769230769 0.026442307692307692 0.04807692307692308
110 0.5048076923076923 0.4050480769230769 0.02403846153846154 0.04567307692307692
99 0.5048076923076923 0.4651442307692308 0.026442307692307692 0.04807692307692308
85 0.5048076923076923 0.5216346153846154 0.026442307692307692 0.04807692307692308
53 0.5048076923076923 0.5793269230769231 0.02403846153846154 0.04326923076923077
35 0.5060096153846154 0.6370192307692307 0.028846153846153848 0.04326923076923077
156 0.5060096153846154 0.6899038461538461 0.02403846153846154 0.04807692307692308
259 0.47475961538461536 0.7524038461538461 0.02403846153846154 0.04567307692307692
275 0.5060096153846154 0.7560096153846154 0.02403846153846154 0.04326923076923077
264 0.5384615384615384 0.7596153846153846 0.02403846153846154 0.04326923076923077
266 0.4579326923076923 0.8149038461538461 0.02403846153846154 0.04567307692307692
266 0.49038461538461536 0.8221153846153846 0.026442307692307692 0.05048076923076923
266 0.5228365384615384 0.8233173076923077 0.02403846153846154 0.04567307692307692
266 0.5552884615384616 0.8269230769230769 0.026442307692307692 0.05048076923076923