99 0.18269230769230768 0.09615384615384616 0.13701923076923078 0.19230769230769232
85 0.19471153846153846 0.3449519230769231 0.13221153846153846 0.18509615384615385
72 0.20552884615384615 0.5745192307692307 0.12740384615384615 0.17067307692307693
53 0.2127403846153846 0.7716346153846154 0.11538461538461539 0.14903846153846154
35 0.21995192307692307 0.9411057692307693 0.11057692307692307 0.11298076923076923
22 0.7872596153846154 0.13581730769230768 0.1778846153846154 0.24759615384615385
20 0.7572115384615384 0.4254807692307692 0.16346153846153846 0.20432692307692307
16 0.7307692307692307 0.6766826923076923 0.1466346153846154 0.1875
11 0.7067307692307693 0.890625 0.13701923076923078 0.16105769230769232
266 0.49399038461538464 0.12620192307692307 0.17067307692307693 0.2283653846153846
266 0.4855769230769231 0.3954326923076923 0.16105769230769232 0.22115384615384615