43 0.2800480769230769 0.19471153846153846 0.14903846153846154 0.18028846153846154
41 0.27524038461538464 0.4170673076923077 0.14903846153846154 0.18509615384615385
42 0.6334134615384616 0.3016826923076923 0.15144230769230768 0.18028846153846154
39 0.6346153846153846 0.5216346153846154 0.15144230769230768 0.18028846153846154
38 0.2776442307692308 0.6418269230769231 0.15144230769230768 0.19230769230769232
36 0.2776442307692308 0.8629807692307693 0.15144230769230768 0.19230769230769232
37 0.6358173076923077 0.7536057692307693 0.15144230769230768 0.18028846153846154
28 0.6394230769230769 0.9375 0.14903846153846154 0.125
43 0.45072115384615385 0.19230769230769232 0.14182692307692307 0.18509615384615385
41 0.45072115384615385 0.4110576923076923 0.14182692307692307 0.18509615384615385
38 0.453125 0.6334134615384616 0.14182692307692307 0.18509615384615385
36 0.453125 0.8617788461538461 0.14182692307692307 0.18509615384615385
42 0.8100961538461539 0.2956730769230769 0.14182692307692307 0.18509615384615385
39 0.8161057692307693 0.5204326923076923 0.14423076923076922 0.19471153846153846
37 0.8149038461538461 0.7415865384615384 0.13701923076923078 0.18990384615384615
28 0.8197115384615384 0.9338942307692307 0.1346153846153846 0.12980769230769232