365 0.5709134615384616 0.4519230769230769 0.06971153846153846 0.04567307692307692
275 0.5480769230769231 0.5637019230769231 0.02403846153846154 0.04326923076923077
264 0.5925480769230769 0.5649038461538461 0.02403846153846154 0.04326923076923077
39 0.5492788461538461 0.6754807692307693 0.026442307692307692 0.04326923076923077
38 0.5492788461538461 0.7319711538461539 0.026442307692307692 0.04326923076923077
47 0.5949519230769231 0.7331730769230769 0.02403846153846154 0.04326923076923077
54 0.5925480769230769 0.6742788461538461 0.02403846153846154 0.04326923076923077
259 0.5925480769230769 0.3870192307692308 0.02403846153846154 0.04326923076923077
46 0.5949519230769231 0.7908653846153846 0.02403846153846154 0.04326923076923077
44 0.5949519230769231 0.8497596153846154 0.02403846153846154 0.04326923076923077
43 0.5949519230769231 0.9098557692307693 0.02403846153846154 0.04326923076923077
36 0.5492788461538461 0.8497596153846154 0.026442307692307692 0.04326923076923077
37 0.5492788461538461 0.7920673076923077 0.026442307692307692 0.04326923076923077
28 0.5504807692307693 0.9098557692307693 0.02403846153846154 0.04326923076923077
26 0.5492788461538461 0.9699519230769231 0.026442307692307692 0.04326923076923077
42 0.5949519230769231 0.9699519230769231 0.02403846153846154 0.04326923076923077
273 0.5733173076923077 0.21033653846153846 0.06971153846153846 0.0985576923076923
273 0.5721153846153846 0.5084134615384616 0.07211538461538461 0.04807692307692308