39 0.34615384615384615 0.19831730769230768 0.07932692307692307 0.04567307692307692
41 0.49759615384615385 0.19831730769230768 0.07451923076923077 0.04326923076923077
42 0.6502403846153846 0.19831730769230768 0.07451923076923077 0.04326923076923077
38 0.6502403846153846 0.2620192307692308 0.07451923076923077 0.04326923076923077
37 0.5012019230769231 0.26322115384615385 0.07451923076923077 0.04326923076923077
36 0.3473557692307692 0.26322115384615385 0.07692307692307693 0.04326923076923077
25 0.3485576923076923 0.32572115384615385 0.07692307692307693 0.04326923076923077
26 0.5024038461538461 0.32572115384615385 0.07451923076923077 0.04326923076923077
28 0.6526442307692307 0.32572115384615385 0.07451923076923077 0.04326923076923077
22 0.35096153846153844 0.3894230769230769 0.07692307692307693 0.04326923076923077
23 0.5024038461538461 0.3894230769230769 0.07211538461538461 0.04326923076923077
24 0.6526442307692307 0.3894230769230769 0.07211538461538461 0.04326923076923077
11 0.35336538461538464 0.453125 0.07692307692307693 0.04326923076923077
16 0.5060096153846154 0.453125 0.07932692307692307 0.04326923076923077
20 0.6550480769230769 0.4519230769230769 0.07932692307692307 0.04326923076923077
111 0.35697115384615385 0.5168269230769231 0.07692307692307693 0.04326923076923077
113 0.5060096153846154 0.515625 0.07692307692307693 0.04326923076923077
10 0.6550480769230769 0.515625 0.07451923076923077 0.04326923076923077
85 0.35697115384615385 0.5805288461538461 0.07692307692307693 0.04326923076923077
99 0.5084134615384616 0.5793269230769231 0.07692307692307693 0.04326923076923077
110 0.6586538461538461 0.5769230769230769 0.07692307692307693 0.04326923076923077
72 0.6586538461538461 0.640625 0.07692307692307693 0.04326923076923077
53 0.5084134615384616 0.6418269230769231 0.07692307692307693 0.04326923076923077
35 0.3581730769230769 0.6430288461538461 0.07692307692307693 0.04326923076923077
9 0.3581730769230769 0.7091346153846154 0.07692307692307693 0.04326923076923077
275 0.3581730769230769 0.7704326923076923 0.07692307692307693 0.04326923076923077
264 0.6634615384615384 0.765625 0.07451923076923077 0.04326923076923077
259 0.5144230769230769 0.828125 0.07451923076923077 0.04326923076923077
266 0.4230769230769231 0.19831730769230768 0.07692307692307693 0.04567307692307692
266 0.5745192307692307 0.19831730769230768 0.07451923076923077 0.04567307692307692
266 0.7235576923076923 0.19831730769230768 0.07692307692307693 0.04567307692307692
266 0.7247596153846154 0.2620192307692308 0.07451923076923077 0.04567307692307692
266 0.5745192307692307 0.26322115384615385 0.07451923076923077 0.04567307692307692
266 0.4254807692307692 0.2644230769230769 0.07692307692307693 0.04567307692307692
266 0.4266826923076923 0.3269230769230769 0.07692307692307693 0.04567307692307692
266 0.5769230769230769 0.3269230769230769 0.07451923076923077 0.04567307692307692
266 0.7271634615384616 0.32572115384615385 0.07451923076923077 0.04567307692307692
266 0.42908653846153844 0.390625 0.07692307692307693 0.04567307692307692
266 0.578125 0.3894230769230769 0.07451923076923077 0.04567307692307692
266 0.7271634615384616 0.3894230769230769 0.07451923076923077 0.04567307692307692
266 0.7283653846153846 0.4519230769230769 0.07451923076923077 0.04567307692307692
266 0.5805288461538461 0.453125 0.07451923076923077 0.04567307692307692
266 0.43028846153846156 0.453125 0.07692307692307693 0.04567307692307692
266 0.43028846153846156 0.5168269230769231 0.07692307692307693 0.04326923076923077
266 0.5829326923076923 0.515625 0.07692307692307693 0.04326923076923077
266 0.7307692307692307 0.5144230769230769 0.07451923076923077 0.04326923076923077
266 0.7319711538461539 0.5769230769230769 0.07692307692307693 0.04326923076923077
266 0.5841346153846154 0.578125 0.07451923076923077 0.04326923076923077
266 0.43028846153846156 0.5805288461538461 0.07692307692307693 0.04326923076923077
266 0.4326923076923077 0.6442307692307693 0.07692307692307693 0.04326923076923077
266 0.5829326923076923 0.6418269230769231 0.07692307692307693 0.04326923076923077
266 0.734375 0.640625 0.07692307692307693 0.04567307692307692
266 0.4362980769230769 0.7079326923076923 0.07692307692307693 0.04567307692307692
266 0.4338942307692308 0.7704326923076923 0.07692307692307693 0.04567307692307692
266 0.5901442307692307 0.8293269230769231 0.07451923076923077 0.04326923076923077
266 0.7403846153846154 0.765625 0.07451923076923077 0.04567307692307692