273 0.5180288461538461 0.1346153846153846 0.11538461538461539 0.12980769230769232
9 0.4891826923076923 0.2980769230769231 0.036057692307692304 0.0673076923076923
35 0.5228365384615384 0.2956730769230769 0.03365384615384615 0.0673076923076923
53 0.5552884615384616 0.2932692307692308 0.03365384615384615 0.06490384615384616
72 0.49158653846153844 0.38221153846153844 0.036057692307692304 0.0673076923076923
85 0.5252403846153846 0.3798076923076923 0.03365384615384615 0.0673076923076923
99 0.5552884615384616 0.3762019230769231 0.03365384615384615 0.0673076923076923
110 0.49399038461538464 0.46153846153846156 0.036057692307692304 0.0673076923076923
111 0.5264423076923077 0.4579326923076923 0.03365384615384615 0.0673076923076923
113 0.5564903846153846 0.4543269230769231 0.03365384615384615 0.0673076923076923
8 0.5288461538461539 0.5372596153846154 0.03365384615384615 0.0673076923076923
0 0.5588942307692307 0.5336538461538461 0.03365384615384615 0.0673076923076923
276 0.4951923076923077 0.5420673076923077 0.03365384615384615 0.0673076923076923
131 0.5288461538461539 0.6346153846153846 0.09615384615384616 0.06971153846153846