273 0.453125 0.140625 0.18509615384615385 0.11298076923076923
259 0.41947115384615385 0.41466346153846156 0.07692307692307693 0.04326923076923077
266 0.5060096153846154 0.41466346153846156 0.07692307692307693 0.04326923076923077
275 0.4254807692307692 0.5216346153846154 0.07211538461538461 0.038461538461538464
264 0.5084134615384616 0.5180288461538461 0.06971153846153846 0.038461538461538464
99 0.4266826923076923 0.5997596153846154 0.06971153846153846 0.038461538461538464
16 0.5096153846153846 0.5925480769230769 0.06490384615384616 0.036057692307692304
72 0.4266826923076923 0.6574519230769231 0.06971153846153846 0.038461538461538464
10 0.5096153846153846 0.6490384615384616 0.0625 0.036057692307692304
35 0.42788461538461536 0.7139423076923077 0.06971153846153846 0.040865384615384616
111 0.5096153846153846 0.7043269230769231 0.06971153846153846 0.038461538461538464
152 0.42908653846153844 0.7704326923076923 0.06971153846153846 0.040865384615384616