36 0.40865384615384615 0.04447115384615385 0.052884615384615384 0.0889423076923077
37 0.4735576923076923 0.04447115384615385 0.052884615384615384 0.0889423076923077
38 0.5300480769230769 0.04326923076923077 0.05048076923076923 0.08653846153846154
28 0.5324519230769231 0.15745192307692307 0.05048076923076923 0.09615384615384616
26 0.47475961538461536 0.15985576923076922 0.05048076923076923 0.09615384615384616
25 0.41225961538461536 0.16105769230769232 0.05048076923076923 0.09615384615384616
23 0.47596153846153844 0.27283653846153844 0.05048076923076923 0.09615384615384616
24 0.5324519230769231 0.2704326923076923 0.052884615384615384 0.09134615384615384
16 0.53125 0.3762019230769231 0.04567307692307692 0.0889423076923077
11 0.47716346153846156 0.38461538461538464 0.04807692307692308 0.09134615384615384
111 0.47596153846153844 0.4891826923076923 0.04567307692307692 0.08653846153846154
113 0.53125 0.4795673076923077 0.04567307692307692 0.08653846153846154
99 0.53125 0.578125 0.04326923076923077 0.08173076923076923
152 0.42427884615384615 0.7019230769230769 0.04567307692307692 0.08173076923076923
260 0.41466346153846156 0.28125 0.05048076923076923 0.09615384615384616
260 0.4170673076923077 0.3918269230769231 0.04807692307692308 0.09134615384615384
260 0.41947115384615385 0.5 0.04567307692307692 0.08653846153846154
260 0.421875 0.6057692307692307 0.04567307692307692 0.08653846153846154
85 0.47716346153846156 0.59375 0.04567307692307692 0.08653846153846154
260 0.47836538461538464 0.6887019230769231 0.04567307692307692 0.08653846153846154
260 0.53125 0.6742788461538461 0.04567307692307692 0.08173076923076923
260 0.4266826923076923 0.9507211538461539 0.04567307692307692 0.08173076923076923
260 0.53125 0.9074519230769231 0.04326923076923077 0.06971153846153846