275 0.5324519230769231 0.3401442307692308 0.04567307692307692 0.06009615384615385
264 0.5889423076923077 0.33774038461538464 0.04807692307692308 0.06009615384615385
259 0.5564903846153846 0.06490384615384616 0.03365384615384615 0.06009615384615385
11 0.5348557692307693 0.4543269230769231 0.04567307692307692 0.0625
28 0.5913461538461539 0.4495192307692308 0.04326923076923077 0.06009615384615385
26 0.5925480769230769 0.5204326923076923 0.04326923076923077 0.06009615384615385
25 0.59375 0.5925480769230769 0.04326923076923077 0.06009615384615385
24 0.5949519230769231 0.6634615384615384 0.04326923076923077 0.06009615384615385
23 0.5961538461538461 0.7355769230769231 0.04326923076923077 0.06009615384615385
22 0.5985576923076923 0.8088942307692307 0.04567307692307692 0.06009615384615385
20 0.5997596153846154 0.8810096153846154 0.04326923076923077 0.06009615384615385
16 0.6009615384615384 0.953125 0.04326923076923077 0.06009615384615385
152 0.5420673076923077 0.8870192307692307 0.04326923076923077 0.06009615384615385
119 0.5444711538461539 0.9591346153846154 0.04326923076923077 0.06009615384615385
266 0.5360576923076923 0.5240384615384616 0.04567307692307692 0.06009615384615385
266 0.5360576923076923 0.5961538461538461 0.04567307692307692 0.0625
266 0.5384615384615384 0.6670673076923077 0.04567307692307692 0.0625
266 0.5396634615384616 0.7415865384615384 0.04567307692307692 0.0625
266 0.5396634615384616 0.8137019230769231 0.04567307692307692 0.06009615384615385