366 0.27283653846153844 0.31009615384615385 0.028846153846153848 0.028846153846153848
265 0.39663461538461536 0.31850961538461536 0.028846153846153848 0.02403846153846154
266 0.27163461538461536 0.27524038461538464 0.028846153846153848 0.028846153846153848
266 0.3942307692307692 0.28365384615384615 0.028846153846153848 0.028846153846153848
365 0.33413461538461536 0.31490384615384615 0.028846153846153848 0.028846153846153848
20 0.32091346153846156 0.4050480769230769 0.038461538461538464 0.026442307692307692
11 0.32211538461538464 0.43509615384615385 0.038461538461538464 0.026442307692307692
113 0.32091346153846156 0.4639423076923077 0.038461538461538464 0.026442307692307692
110 0.32211538461538464 0.49399038461538464 0.038461538461538464 0.026442307692307692
85 0.3233173076923077 0.5240384615384616 0.038461538461538464 0.02403846153846154
53 0.3233173076923077 0.5540865384615384 0.038461538461538464 0.02403846153846154
9 0.3233173076923077 0.5829326923076923 0.038461538461538464 0.026442307692307692
16 0.3701923076923077 0.4206730769230769 0.038461538461538464 0.026442307692307692
111 0.3713942307692308 0.47836538461538464 0.038461538461538464 0.02403846153846154
99 0.37259615384615385 0.5084134615384616 0.038461538461538464 0.02403846153846154
72 0.3713942307692308 0.5372596153846154 0.038461538461538464 0.02403846153846154
35 0.37259615384615385 0.5661057692307693 0.038461538461538464 0.02403846153846154
9 0.3713942307692308 0.4495192307692308 0.038461538461538464 0.026442307692307692
262 0.3425480769230769 0.6850961538461539 0.028846153846153848 0.026442307692307692
323 0.28125 0.6899038461538461 0.028846153846153848 0.026442307692307692
323 0.40625 0.6814903846153846 0.028846153846153848 0.026442307692307692