72 0.5420673076923077 0.25841346153846156 0.1201923076923077 0.13221153846153846
53 0.5408653846153846 0.3942307692307692 0.11778846153846154 0.125
35 0.5420673076923077 0.5168269230769231 0.11538461538461539 0.11298076923076923
9 0.5408653846153846 0.640625 0.11057692307692307 0.11298076923076923
275 0.4579326923076923 0.8221153846153846 0.11057692307692307 0.11298076923076923
264 0.6153846153846154 0.7884615384615384 0.10096153846153846 0.11057692307692307
270 0.6346153846153846 0.953125 0.055288461538461536 0.09375
270 0.8497596153846154 0.890625 0.055288461538461536 0.09375
270 0.9675480769230769 0.8605769230769231 0.04326923076923077 0.08653846153846154
264 0.8762019230769231 0.7295673076923077 0.09615384615384616 0.10336538461538461
270 0.4855769230769231 0.9711538461538461 0.05048076923076923 0.057692307692307696
9 0.9507211538461539 0.5745192307692307 0.0985576923076923 0.10336538461538461
365 0.9579326923076923 0.46634615384615385 0.08413461538461539 0.10096153846153846