327 0.39903846153846156 0.3137019230769231 0.11538461538461539 0.052884615384615384
261 0.5144230769230769 0.3112980769230769 0.11778846153846154 0.052884615384615384
261 0.7175480769230769 0.4182692307692308 0.10576923076923077 0.04567307692307692
130 0.42788461538461536 0.5240384615384616 0.0985576923076923 0.04326923076923077
115 0.5721153846153846 0.5997596153846154 0.08653846153846154 0.040865384615384616
119 0.6959134615384616 0.5949519230769231 0.09134615384615384 0.040865384615384616
275 0.4483173076923077 0.6778846153846154 0.08413461538461539 0.036057692307692304
264 0.6887019230769231 0.6658653846153846 0.08173076923076923 0.038461538461538464
259 0.6081730769230769 0.6682692307692307 0.08413461538461539 0.038461538461538464
261 0.5288461538461539 0.6742788461538461 0.07932692307692307 0.036057692307692304
266 0.5733173076923077 0.5192307692307693 0.09134615384615384 0.04326923076923077
281 0.43990384615384615 0.6045673076923077 0.09134615384615384 0.040865384615384616