265 0.2620192307692308 0.41947115384615385 0.040865384615384616 0.05048076923076923
152 0.32572115384615385 0.42788461538461536 0.038461538461538464 0.04807692307692308
9 0.37259615384615385 0.43509615384615385 0.038461538461538464 0.04807692307692308
35 0.4182692307692308 0.4423076923076923 0.038461538461538464 0.04807692307692308
53 0.46033653846153844 0.44711538461538464 0.038461538461538464 0.04807692307692308
72 0.5012019230769231 0.453125 0.038461538461538464 0.04807692307692308
85 0.5408653846153846 0.4579326923076923 0.03365384615384615 0.04326923076923077
99 0.5793269230769231 0.46153846153846156 0.03365384615384615 0.04326923076923077
110 0.6177884615384616 0.46634615384615385 0.03365384615384615 0.04326923076923077
111 0.6538461538461539 0.47115384615384615 0.036057692307692304 0.04326923076923077
113 0.6899038461538461 0.47596153846153844 0.036057692307692304 0.04326923076923077
10 0.7259615384615384 0.4807692307692308 0.036057692307692304 0.04326923076923077
11 0.7596153846153846 0.4855769230769231 0.036057692307692304 0.040865384615384616
16 0.7944711538461539 0.4891826923076923 0.036057692307692304 0.038461538461538464
366 0.8341346153846154 0.49399038461538464 0.036057692307692304 0.040865384615384616