275 0.41586538461538464 0.7896634615384616 0.08653846153846154 0.10096153846153846
264 0.5865384615384616 0.7524038461538461 0.08173076923076923 0.07932692307692307
289 0.5913461538461539 0.8245192307692307 0.08413461538461539 0.0889423076923077
36 0.39663461538461536 0.2127403846153846 0.09375 0.0889423076923077
25 0.39783653846153844 0.29086538461538464 0.0889423076923077 0.08413461538461539
22 0.40024038461538464 0.3629807692307692 0.08653846153846154 0.08173076923076923
10 0.4014423076923077 0.4362980769230769 0.08653846153846154 0.08173076923076923
266 0.49158653846153844 0.20673076923076922 0.0889423076923077 0.09134615384615384
26 0.49278846153846156 0.28125 0.08653846153846154 0.07932692307692307
23 0.49278846153846156 0.35336538461538464 0.08413461538461539 0.08173076923076923
11 0.49278846153846156 0.4230769230769231 0.08413461538461539 0.08413461538461539
266 0.5841346153846154 0.19951923076923078 0.08413461538461539 0.09134615384615384
28 0.5829326923076923 0.27403846153846156 0.08413461538461539 0.08413461538461539
24 0.5805288461538461 0.34615384615384615 0.08173076923076923 0.08413461538461539
16 0.5805288461538461 0.41346153846153844 0.07932692307692307 0.08173076923076923
110 0.4074519230769231 0.5576923076923077 0.08653846153846154 0.08653846153846154
72 0.4098557692307692 0.6274038461538461 0.08413461538461539 0.0889423076923077
277 0.41225961538461536 0.6995192307692307 0.08653846153846154 0.08653846153846154
111 0.4963942307692308 0.5444711538461539 0.08173076923076923 0.08173076923076923
85 0.4987980769230769 0.6141826923076923 0.08173076923076923 0.08413461538461539
35 0.5012019230769231 0.6838942307692307 0.08173076923076923 0.08173076923076923
113 0.5817307692307693 0.5336538461538461 0.07692307692307693 0.07932692307692307
99 0.5829326923076923 0.5973557692307693 0.07692307692307693 0.08173076923076923
53 0.5853365384615384 0.6694711538461539 0.07932692307692307 0.08173076923076923
266 0.5024038461538461 0.7692307692307693 0.08413461538461539 0.09134615384615384
266 0.5060096153846154 0.8377403846153846 0.08413461538461539 0.09134615384615384
266 0.4182692307692308 0.8581730769230769 0.08413461538461539 0.09134615384615384