42 0.36658653846153844 0.10697115384615384 0.14182692307692307 0.11538461538461539
39 0.3762019230769231 0.28846153846153844 0.11057692307692307 0.09615384615384616
37 0.38221153846153844 0.43028846153846156 0.10576923076923077 0.0889423076923077
28 0.38461538461538464 0.5504807692307693 0.09375 0.07932692307692307
25 0.39302884615384615 0.6466346153846154 0.08653846153846154 0.06971153846153846
23 0.39903846153846156 0.7283653846153846 0.08173076923076923 0.06971153846153846
41 0.7548076923076923 0.040865384615384616 0.08653846153846154 0.07692307692307693
38 0.7355769230769231 0.18028846153846154 0.07451923076923077 0.08413461538461539
36 0.7127403846153846 0.2956730769230769 0.07451923076923077 0.06971153846153846
26 0.6995192307692307 0.39663461538461536 0.07932692307692307 0.07211538461538461
24 0.6766826923076923 0.48197115384615385 0.0625 0.057692307692307696
22 0.6610576923076923 0.5625 0.06009615384615385 0.05048076923076923
16 0.6478365384615384 0.6310096153846154 0.06009615384615385 0.05048076923076923