263 0.43149038461538464 0.056490384615384616 0.1466346153846154 0.11298076923076923
53 0.2932692307692308 0.29086538461538464 0.13942307692307693 0.11057692307692307
99 0.5564903846153846 0.29447115384615385 0.13221153846153846 0.10576923076923077
35 0.2932692307692308 0.4050480769230769 0.1346153846153846 0.10096153846153846
85 0.5516826923076923 0.40865384615384615 0.1346153846153846 0.10096153846153846
9 0.2932692307692308 0.5168269230769231 0.1346153846153846 0.10096153846153846
72 0.5480769230769231 0.5144230769230769 0.13221153846153846 0.10096153846153846
345 0.4254807692307692 0.6478365384615384 0.1346153846153846 0.10096153846153846
275 0.3004807692307692 0.7728365384615384 0.1346153846153846 0.10096153846153846
264 0.5396634615384616 0.7668269230769231 0.125 0.09134615384615384
272 0.421875 0.9326923076923077 0.09134615384615384 0.07211538461538461