275 0.37259615384615385 0.07572115384615384 0.05048076923076923 0.08173076923076923
264 0.42908653846153844 0.07932692307692307 0.04567307692307692 0.08173076923076923
42 0.3762019230769231 0.19471153846153846 0.04807692307692308 0.07692307692307693
41 0.3786057692307692 0.27283653846153844 0.04807692307692308 0.07692307692307693
39 0.38221153846153844 0.35096153846153844 0.04567307692307692 0.07451923076923077
38 0.38341346153846156 0.4266826923076923 0.04567307692307692 0.07451923076923077
36 0.3858173076923077 0.5024038461538461 0.04567307692307692 0.07451923076923077
37 0.43990384615384615 0.49038461538461536 0.04326923076923077 0.06971153846153846
26 0.3894230769230769 0.5757211538461539 0.04567307692307692 0.07451923076923077
28 0.4423076923076923 0.5649038461538461 0.04326923076923077 0.06490384615384616
24 0.3918269230769231 0.6478365384615384 0.04326923076923077 0.07211538461538461
25 0.44350961538461536 0.6346153846153846 0.040865384615384616 0.06971153846153846
22 0.39302884615384615 0.7211538461538461 0.040865384615384616 0.06971153846153846
23 0.44591346153846156 0.7043269230769231 0.040865384615384616 0.06971153846153846
266 0.3954326923076923 0.7896634615384616 0.040865384615384616 0.06971153846153846
244 0.39663461538461536 0.8605769230769231 0.04326923076923077 0.07692307692307693
152 0.40024038461538464 0.9350961538461539 0.04326923076923077 0.07692307692307693