10 0.29447115384615385 0.12379807692307693 0.12259615384615384 0.09134615384615384
36 0.5036057692307693 0.12620192307692307 0.11057692307692307 0.08173076923076923
28 0.5072115384615384 0.20432692307692307 0.11057692307692307 0.08173076923076923
113 0.29927884615384615 0.21153846153846154 0.1201923076923077 0.08413461538461539
111 0.30528846153846156 0.296875 0.11778846153846154 0.08413461538461539
110 0.3076923076923077 0.38100961538461536 0.11778846153846154 0.08413461538461539
99 0.3137019230769231 0.4651442307692308 0.1201923076923077 0.08173076923076923
85 0.3173076923076923 0.5492788461538461 0.1201923076923077 0.08173076923076923
26 0.5132211538461539 0.2932692307692308 0.11057692307692307 0.08173076923076923
25 0.5180288461538461 0.3737980769230769 0.11057692307692307 0.08173076923076923
24 0.5216346153846154 0.45552884615384615 0.11057692307692307 0.08173076923076923
23 0.5264423076923077 0.5360576923076923 0.11057692307692307 0.08173076923076923
22 0.5324519230769231 0.6165865384615384 0.11057692307692307 0.08173076923076923
72 0.328125 0.6334134615384616 0.1201923076923077 0.08173076923076923
53 0.3317307692307692 0.71875 0.1201923076923077 0.08173076923076923
20 0.5360576923076923 0.6983173076923077 0.10576923076923077 0.07932692307692307
260 0.3389423076923077 0.7992788461538461 0.11057692307692307 0.07932692307692307
260 0.3425480769230769 0.8810096153846154 0.11057692307692307 0.07932692307692307
260 0.5408653846153846 0.7764423076923077 0.10336538461538461 0.07932692307692307
260 0.5408653846153846 0.8533653846153846 0.10336538461538461 0.07932692307692307
260 0.3485576923076923 0.9579326923076923 0.10336538461538461 0.07932692307692307
275 0.28725961538461536 0.025240384615384616 0.09134615384615384 0.05048076923076923
264 0.4963942307692308 0.027644230769230768 0.0889423076923077 0.055288461538461536