110 0.6298076923076923 0.13822115384615385 0.21875 0.1971153846153846
99 0.6189903846153846 0.3786057692307692 0.1875 0.17307692307692307
85 0.6105769230769231 0.5697115384615384 0.1658653846153846 0.1466346153846154
72 0.6057692307692307 0.7295673076923077 0.15384615384615385 0.12259615384615384
53 0.26322115384615385 0.6069711538461539 0.18990384615384615 0.1466346153846154
35 0.29086538461538464 0.7728365384615384 0.18028846153846154 0.13221153846153846
9 0.3112980769230769 0.9146634615384616 0.1658653846153846 0.1201923076923077
110 0.07932692307692307 0.625 0.15865384615384615 0.14182692307692307
99 0.11057692307692307 0.796875 0.16826923076923078 0.1201923076923077
85 0.14783653846153846 0.9399038461538461 0.15384615384615385 0.0985576923076923
11 0.8389423076923077 0.125 0.1658653846153846 0.1658653846153846
10 0.8088942307692307 0.35336538461538464 0.15625 0.1346153846153846
113 0.78125 0.5540865384615384 0.15144230769230768 0.11057692307692307
111 0.7632211538461539 0.7103365384615384 0.12740384615384615 0.10336538461538461