24 0.6754807692307693 0.07091346153846154 0.20673076923076922 0.11057692307692307
23 0.265625 0.06850961538461539 0.22355769230769232 0.1201923076923077
16 0.6682692307692307 0.18629807692307693 0.20673076923076922 0.11298076923076923
11 0.25961538461538464 0.18870192307692307 0.22355769230769232 0.11298076923076923
10 0.6598557692307693 0.3004807692307692 0.20673076923076922 0.10576923076923077
113 0.2644230769230769 0.30288461538461536 0.21153846153846154 0.11298076923076923
111 0.6538461538461539 0.41346153846153844 0.18990384615384615 0.09615384615384616
110 0.26322115384615385 0.4170673076923077 0.20192307692307693 0.10336538461538461
99 0.6442307692307693 0.5180288461538461 0.18509615384615385 0.09375
85 0.26322115384615385 0.5228365384615384 0.19951923076923078 0.10096153846153846
53 0.6430288461538461 0.6165865384615384 0.18990384615384615 0.09375
35 0.26322115384615385 0.6274038461538461 0.19951923076923078 0.09615384615384616
9 0.6370192307692307 0.7139423076923077 0.18990384615384615 0.09375
1 0.26802884615384615 0.7247596153846154 0.19951923076923078 0.09615384615384616