273 0.5084134615384616 0.22115384615384615 0.21153846153846154 0.25961538461538464
9 0.4483173076923077 0.5540865384615384 0.057692307692307696 0.11538461538461539
35 0.5108173076923077 0.5528846153846154 0.057692307692307696 0.11298076923076923
53 0.5733173076923077 0.5516826923076923 0.057692307692307696 0.11538461538461539
72 0.4495192307692308 0.6742788461538461 0.057692307692307696 0.11538461538461539
85 0.5096153846153846 0.6742788461538461 0.057692307692307696 0.11538461538461539
99 0.5697115384615384 0.6730769230769231 0.057692307692307696 0.11538461538461539
110 0.4495192307692308 0.7956730769230769 0.057692307692307696 0.11538461538461539
111 0.5096153846153846 0.7932692307692307 0.057692307692307696 0.11538461538461539
113 0.5697115384615384 0.7920673076923077 0.057692307692307696 0.11538461538461539
0 0.4495192307692308 0.9122596153846154 0.057692307692307696 0.11538461538461539
8 0.5096153846153846 0.9098557692307693 0.057692307692307696 0.11538461538461539
131 0.5685096153846154 0.9086538461538461 0.057692307692307696 0.11538461538461539