263 0.7704326923076923 0.028846153846153848 0.11298076923076923 0.057692307692307696
75 0.5144230769230769 0.11298076923076923 0.11778846153846154 0.0673076923076923
76 0.7608173076923077 0.12860576923076922 0.10817307692307693 0.06009615384615385
64 0.5084134615384616 0.18870192307692307 0.11298076923076923 0.0625
73 0.6382211538461539 0.19471153846153846 0.11057692307692307 0.06009615384615385
74 0.7548076923076923 0.19831730769230768 0.0985576923076923 0.055288461538461536
61 0.5060096153846154 0.2608173076923077 0.11298076923076923 0.057692307692307696
62 0.6346153846153846 0.26322115384615385 0.10096153846153846 0.052884615384615384
63 0.7487980769230769 0.2668269230769231 0.09375 0.052884615384615384
57 0.5036057692307693 0.33052884615384615 0.10817307692307693 0.055288461538461536
59 0.6286057692307693 0.33052884615384615 0.10096153846153846 0.052884615384615384
60 0.7427884615384616 0.3317307692307692 0.09375 0.052884615384615384
54 0.5 0.39903846153846156 0.10576923076923077 0.052884615384615384
55 0.625 0.39783653846153844 0.10096153846153846 0.052884615384615384
56 0.7367788461538461 0.3954326923076923 0.0985576923076923 0.052884615384615384
44 0.4963942307692308 0.46634615384615385 0.10336538461538461 0.052884615384615384
46 0.6201923076923077 0.46274038461538464 0.10096153846153846 0.052884615384615384
47 0.7307692307692307 0.4579326923076923 0.09134615384615384 0.05048076923076923
41 0.49278846153846156 0.5324519230769231 0.10336538461538461 0.052884615384615384
42 0.6141826923076923 0.5252403846153846 0.09615384615384616 0.05048076923076923
43 0.7259615384615384 0.5192307692307693 0.09375 0.04807692307692308
37 0.49038461538461536 0.5949519230769231 0.10336538461538461 0.052884615384615384
38 0.6105769230769231 0.5865384615384616 0.09615384615384616 0.05048076923076923
39 0.7211538461538461 0.578125 0.09615384615384616 0.05048076923076923
36 0.7151442307692307 0.6370192307692307 0.0889423076923077 0.05048076923076923
26 0.484375 0.6586538461538461 0.0985576923076923 0.05048076923076923
28 0.6057692307692307 0.6478365384615384 0.09615384615384616 0.05048076923076923
23 0.484375 0.71875 0.0985576923076923 0.05048076923076923
24 0.5997596153846154 0.7067307692307693 0.09615384615384616 0.04807692307692308
25 0.7067307692307693 0.6947115384615384 0.08653846153846154 0.05048076923076923
16 0.4807692307692308 0.7776442307692307 0.09615384615384616 0.05048076923076923
20 0.5973557692307693 0.7644230769230769 0.09615384615384616 0.05048076923076923
22 0.7043269230769231 0.75 0.0889423076923077 0.05048076923076923
113 0.4795673076923077 0.8353365384615384 0.09615384615384616 0.05048076923076923
10 0.5925480769230769 0.8209134615384616 0.08653846153846154 0.04567307692307692
11 0.6995192307692307 0.8028846153846154 0.08173076923076923 0.05048076923076923
99 0.47596153846153844 0.8918269230769231 0.09134615384615384 0.04567307692307692
110 0.5901442307692307 0.875 0.08653846153846154 0.04326923076923077
111 0.6947115384615384 0.8581730769230769 0.08653846153846154 0.04326923076923077
35 0.47475961538461536 0.9471153846153846 0.08413461538461539 0.04326923076923077
53 0.5877403846153846 0.9278846153846154 0.08413461538461539 0.04326923076923077
72 0.6899038461538461 0.9110576923076923 0.07932692307692307 0.04326923076923077
275 0.6850961538461539 0.9819711538461539 0.07451923076923077 0.03365384615384615