259 0.5012019230769231 0.028846153846153848 0.03125 0.057692307692307696
263 0.5456730769230769 0.027644230769230768 0.028846153846153848 0.052884615384615384
275 0.5036057692307693 0.21514423076923078 0.028846153846153848 0.052884615384615384
264 0.5492788461538461 0.21514423076923078 0.028846153846153848 0.05048076923076923
16 0.5060096153846154 0.33774038461538464 0.028846153846153848 0.052884615384615384
10 0.5072115384615384 0.39663461538461536 0.028846153846153848 0.052884615384615384
11 0.5516826923076923 0.3918269230769231 0.028846153846153848 0.052884615384615384
111 0.5096153846153846 0.45552884615384615 0.028846153846153848 0.05048076923076923
113 0.5528846153846154 0.45072115384615385 0.028846153846153848 0.05048076923076923
96 0.5096153846153846 0.5132211538461539 0.028846153846153848 0.05048076923076923
110 0.5540865384615384 0.5072115384615384 0.028846153846153848 0.05048076923076923
85 0.5540865384615384 0.5649038461538461 0.028846153846153848 0.05048076923076923
72 0.5108173076923077 0.5721153846153846 0.028846153846153848 0.05048076923076923
35 0.5120192307692307 0.6274038461538461 0.028846153846153848 0.05048076923076923
53 0.5564903846153846 0.6225961538461539 0.028846153846153848 0.05048076923076923
152 0.5564903846153846 0.6778846153846154 0.028846153846153848 0.05048076923076923
120 0.5132211538461539 0.6850961538461539 0.028846153846153848 0.05048076923076923
272 0.5408653846153846 0.8629807692307693 0.02403846153846154 0.040865384615384616