72 0.23798076923076922 0.16346153846153846 0.1466346153846154 0.20192307692307693
35 0.2704326923076923 0.4110576923076923 0.12259615384615384 0.16105769230769232
152 0.296875 0.6033653846153846 0.10817307692307693 0.125
275 0.32091346153846156 0.7716346153846154 0.09615384615384616 0.10096153846153846
259 0.33774038461538464 0.9026442307692307 0.08413461538461539 0.08413461538461539
264 0.5612980769230769 0.7800480769230769 0.08413461538461539 0.09615384615384616
277 0.5721153846153846 0.6129807692307693 0.0985576923076923 0.12740384615384615
53 0.5829326923076923 0.4230769230769231 0.11057692307692307 0.15625
85 0.5973557692307693 0.17668269230769232 0.12740384615384615 0.21634615384615385
266 0.40625 0.18028846153846154 0.11057692307692307 0.18269230769230768
266 0.4170673076923077 0.42427884615384615 0.0985576923076923 0.1466346153846154
266 0.42427884615384615 0.6141826923076923 0.08653846153846154 0.12259615384615384
266 0.6971153846153846 0.6189903846153846 0.08653846153846154 0.12259615384615384
266 0.7247596153846154 0.4362980769230769 0.0985576923076923 0.1466346153846154
266 0.7584134615384616 0.1935096153846154 0.11057692307692307 0.18269230769230768
335 0.4338942307692308 0.7848557692307693 0.07932692307692307 0.10576923076923077
320 0.4387019230769231 0.9158653846153846 0.07451923076923077 0.09375
333 0.6730769230769231 0.7908653846153846 0.07451923076923077 0.10576923076923077
272 0.6550480769230769 0.9134615384615384 0.07932692307692307 0.10576923076923077