259 0.47716346153846156 0.38100961538461536 0.08653846153846154 0.055288461538461536
275 0.38221153846153844 0.4987980769230769 0.09375 0.057692307692307696
264 0.5745192307692307 0.4855769230769231 0.07932692307692307 0.052884615384615384
26 0.390625 0.5961538461538461 0.09134615384615384 0.057692307692307696
39 0.5793269230769231 0.5769230769230769 0.07932692307692307 0.055288461538461536
25 0.39302884615384615 0.6814903846153846 0.0985576923076923 0.0625
38 0.5805288461538461 0.6538461538461539 0.07932692307692307 0.052884615384615384
24 0.39783653846153844 0.7632211538461539 0.0889423076923077 0.0625
37 0.5853365384615384 0.7319711538461539 0.07451923076923077 0.055288461538461536
23 0.4026442307692308 0.84375 0.08653846153846154 0.06009615384615385
36 0.5865384615384616 0.8064903846153846 0.07451923076923077 0.06009615384615385
9 0.4074519230769231 0.9194711538461539 0.07932692307692307 0.0625
28 0.5865384615384616 0.8786057692307693 0.07451923076923077 0.06009615384615385