272 0.3557692307692308 0.2512019230769231 0.07451923076923077 0.040865384615384616
272 0.41466346153846156 0.2512019230769231 0.0625 0.040865384615384616
46 0.3858173076923077 0.3173076923076923 0.12740384615384615 0.038461538461538464
259 0.6189903846153846 0.31850961538461536 0.12259615384615384 0.040865384615384616
42 0.38341346153846156 0.38221153846153844 0.125 0.038461538461538464
43 0.5012019230769231 0.38341346153846156 0.11778846153846154 0.036057692307692304
44 0.6177884615384616 0.38341346153846156 0.11778846153846154 0.038461538461538464
38 0.38100961538461536 0.4483173076923077 0.125 0.038461538461538464
39 0.5012019230769231 0.4495192307692308 0.11538461538461539 0.038461538461538464
41 0.6153846153846154 0.4495192307692308 0.11298076923076923 0.038461538461538464
28 0.38221153846153844 0.5132211538461539 0.12259615384615384 0.038461538461538464
36 0.5 0.5120192307692307 0.11298076923076923 0.038461538461538464
37 0.6141826923076923 0.5132211538461539 0.11778846153846154 0.036057692307692304
24 0.3798076923076923 0.578125 0.1201923076923077 0.038461538461538464
25 0.4987980769230769 0.5769230769230769 0.11538461538461539 0.036057692307692304
26 0.6129807692307693 0.5769230769230769 0.12259615384615384 0.038461538461538464
20 0.3798076923076923 0.6418269230769231 0.1201923076923077 0.036057692307692304
22 0.4951923076923077 0.640625 0.11538461538461539 0.036057692307692304
23 0.6129807692307693 0.6418269230769231 0.11778846153846154 0.03365384615384615
10 0.3786057692307692 0.7067307692307693 0.12259615384615384 0.038461538461538464
11 0.4963942307692308 0.7043269230769231 0.11538461538461539 0.038461538461538464
16 0.6105769230769231 0.7055288461538461 0.11778846153846154 0.038461538461538464
110 0.3786057692307692 0.7704326923076923 0.125 0.038461538461538464
111 0.5 0.7704326923076923 0.11778846153846154 0.040865384615384616
113 0.6129807692307693 0.7692307692307693 0.11298076923076923 0.038461538461538464
72 0.38100961538461536 0.8353365384615384 0.125 0.038461538461538464
85 0.5 0.8353365384615384 0.11298076923076923 0.038461538461538464
99 0.6129807692307693 0.8353365384615384 0.11298076923076923 0.038461538461538464
277 0.38100961538461536 0.8990384615384616 0.1346153846153846 0.040865384615384616
35 0.4987980769230769 0.8990384615384616 0.1201923076923077 0.038461538461538464
53 0.6165865384615384 0.8978365384615384 0.10817307692307693 0.038461538461538464
275 0.3798076923076923 0.9627403846153846 0.12259615384615384 0.038461538461538464
264 0.6069711538461539 0.9603365384615384 0.12259615384615384 0.038461538461538464
272 0.47115384615384615 0.2512019230769231 0.0625 0.040865384615384616
272 0.53125 0.25240384615384615 0.0625 0.040865384615384616
272 0.59375 0.25240384615384615 0.0625 0.040865384615384616
272 0.6454326923076923 0.2536057692307692 0.0625 0.040865384615384616
266 0.5036057692307693 0.3161057692307692 0.11778846153846154 0.040865384615384616