263 0.546875 0.12259615384615384 0.038461538461538464 0.057692307692307696
354 0.5228365384615384 0.3004807692307692 0.0625 0.09375
331 0.5829326923076923 0.2980769230769231 0.06009615384615385 0.09375
232 0.5877403846153846 0.41947115384615385 0.0625 0.08653846153846154
85 0.5300480769230769 0.5060096153846154 0.0625 0.09375
111 0.5901442307692307 0.5036057692307693 0.0625 0.08653846153846154
72 0.5336538461538461 0.5913461538461539 0.0625 0.09375
110 0.5925480769230769 0.5877403846153846 0.06009615384615385 0.0889423076923077
53 0.5360576923076923 0.6802884615384616 0.06009615384615385 0.09134615384615384
99 0.5973557692307693 0.6706730769230769 0.06009615384615385 0.08653846153846154
35 0.5384615384615384 0.7644230769230769 0.06490384615384616 0.08653846153846154
9 0.5408653846153846 0.8533653846153846 0.06490384615384616 0.0985576923076923