273 0.5637019230769231 0.35216346153846156 0.09615384615384616 0.06971153846153846
263 0.3329326923076923 0.4723557692307692 0.052884615384615384 0.09134615384615384
275 0.5384615384615384 0.46875 0.038461538461538464 0.0625
264 0.5889423076923077 0.46875 0.038461538461538464 0.0625
85 0.38822115384615385 0.578125 0.038461538461538464 0.06490384615384616
99 0.4387019230769231 0.5769230769230769 0.038461538461538464 0.0625
110 0.4879807692307692 0.5757211538461539 0.036057692307692304 0.0625
111 0.5372596153846154 0.5769230769230769 0.036057692307692304 0.0625
113 0.5865384615384616 0.5757211538461539 0.038461538461538464 0.06009615384615385
121 0.3401442307692308 0.6826923076923077 0.038461538461538464 0.06009615384615385
120 0.390625 0.6814903846153846 0.036057692307692304 0.06009615384615385
9 0.43990384615384615 0.6814903846153846 0.036057692307692304 0.06009615384615385
35 0.4879807692307692 0.6790865384615384 0.036057692307692304 0.06009615384615385
53 0.5360576923076923 0.6790865384615384 0.03365384615384615 0.06009615384615385
72 0.5841346153846154 0.6778846153846154 0.038461538461538464 0.06009615384615385
131 0.46033653846153844 0.3545673076923077 0.038461538461538464 0.06971153846153846