72 0.4579326923076923 0.1346153846153846 0.07692307692307693 0.10576923076923077
53 0.46153846153846156 0.23798076923076922 0.07451923076923077 0.09615384615384616
35 0.4651442307692308 0.33052884615384615 0.06971153846153846 0.09375
9 0.46875 0.41346153846153844 0.0673076923076923 0.08173076923076923
120 0.47115384615384615 0.49038461538461536 0.06490384615384616 0.07932692307692307
121 0.4735576923076923 0.5600961538461539 0.06009615384615385 0.07451923076923077
122 0.47716346153846156 0.6237980769230769 0.06009615384615385 0.06971153846153846
123 0.4795673076923077 0.6814903846153846 0.057692307692307696 0.0673076923076923
124 0.48197115384615385 0.7355769230769231 0.055288461538461536 0.06490384615384616
125 0.484375 0.7848557692307693 0.052884615384615384 0.057692307692307696
275 0.40865384615384615 0.8545673076923077 0.05048076923076923 0.05048076923076923
264 0.46153846153846156 0.8449519230769231 0.05048076923076923 0.05048076923076923
259 0.5612980769230769 0.8245192307692307 0.04807692307692308 0.052884615384615384
272 0.46274038461538464 0.8846153846153846 0.04567307692307692 0.04807692307692308