259 0.5228365384615384 0.3317307692307692 0.040865384615384616 0.03125
265 0.4675480769230769 0.36538461538461536 0.04567307692307692 0.03365384615384615
366 0.5228365384615384 0.36658653846153844 0.04326923076923077 0.028846153846153848
111 0.5216346153846154 0.4326923076923077 0.038461538461538464 0.03125
53 0.4699519230769231 0.4651442307692308 0.036057692307692304 0.028846153846153848
110 0.5228365384615384 0.4651442307692308 0.038461538461538464 0.028846153846153848
35 0.4699519230769231 0.49759615384615385 0.036057692307692304 0.03125
99 0.5228365384615384 0.4963942307692308 0.038461538461538464 0.03125
9 0.47115384615384615 0.5288461538461539 0.038461538461538464 0.03125
85 0.5240384615384616 0.5288461538461539 0.038461538461538464 0.03125
152 0.4723557692307692 0.5600961538461539 0.036057692307692304 0.028846153846153848
275 0.4735576923076923 0.6213942307692307 0.036057692307692304 0.028846153846153848
264 0.5252403846153846 0.6213942307692307 0.038461538461538464 0.03125
272 0.5012019230769231 0.6838942307692307 0.028846153846153848 0.026442307692307692