264 0.46634615384615385 0.10817307692307693 0.0673076923076923 0.1201923076923077
275 0.5769230769230769 0.11057692307692307 0.06009615384615385 0.11778846153846154
9 0.4699519230769231 0.3762019230769231 0.0625 0.11298076923076923
152 0.4723557692307692 0.5072115384615384 0.0625 0.11778846153846154
177 0.4735576923076923 0.6418269230769231 0.0625 0.11298076923076923
119 0.5865384615384616 0.6286057692307693 0.06009615384615385 0.10336538461538461
72 0.5829326923076923 0.49759615384615385 0.06009615384615385 0.1201923076923077
365 0.921875 0.3557692307692308 0.055288461538461536 0.0985576923076923
365 0.8305288461538461 0.4795673076923077 0.057692307692307696 0.11298076923076923
365 0.9242788461538461 0.47716346153846156 0.06490384615384616 0.10096153846153846
365 0.8293269230769231 0.6033653846153846 0.06009615384615385 0.10576923076923077
365 0.9266826923076923 0.5949519230769231 0.06009615384615385 0.09615384615384616
275 0.828125 0.11298076923076923 0.055288461538461536 0.11057692307692307
264 0.921875 0.11538461538461539 0.052884615384615384 0.10576923076923077