77 0.3545673076923077 0.5420673076923077 0.040865384615384616 0.03125
73 0.35697115384615385 0.5961538461538461 0.040865384615384616 0.03125
74 0.42908653846153844 0.5925480769230769 0.040865384615384616 0.028846153846153848
75 0.49759615384615385 0.5913461538461539 0.04326923076923077 0.03125
76 0.5661057692307693 0.5889423076923077 0.038461538461538464 0.028846153846153848
62 0.42908653846153844 0.6442307692307693 0.036057692307692304 0.028846153846153848
63 0.49759615384615385 0.6418269230769231 0.038461538461538464 0.028846153846153848
64 0.5661057692307693 0.640625 0.038461538461538464 0.03125
57 0.42908653846153844 0.6947115384615384 0.038461538461538464 0.03125
59 0.49759615384615385 0.6935096153846154 0.038461538461538464 0.028846153846153848
60 0.5661057692307693 0.6911057692307693 0.036057692307692304 0.03125
47 0.43028846153846156 0.7463942307692307 0.038461538461538464 0.03125
42 0.43028846153846156 0.796875 0.038461538461538464 0.03365384615384615
37 0.4326923076923077 0.8461538461538461 0.036057692307692304 0.03125
54 0.4987980769230769 0.7427884615384616 0.036057692307692304 0.03125
43 0.4987980769230769 0.7932692307692307 0.036057692307692304 0.03125
38 0.5 0.84375 0.038461538461538464 0.028846153846153848
55 0.5685096153846154 0.7403846153846154 0.03365384615384615 0.028846153846153848
44 0.5685096153846154 0.7908653846153846 0.038461538461538464 0.03125
39 0.5685096153846154 0.8401442307692307 0.038461538461538464 0.03125
281 0.3641826923076923 0.8978365384615384 0.038461538461538464 0.03125
275 0.36658653846153844 0.9447115384615384 0.038461538461538464 0.03125
259 0.4338942307692308 0.9423076923076923 0.038461538461538464 0.03365384615384615
264 0.5673076923076923 0.9338942307692307 0.03365384615384615 0.03125
61 0.3581730769230769 0.6466346153846154 0.040865384615384616 0.03125
56 0.359375 0.6983173076923077 0.040865384615384616 0.03125
46 0.3605769230769231 0.7487980769230769 0.040865384615384616 0.03125
41 0.36177884615384615 0.7992788461538461 0.040865384615384616 0.03125
36 0.3629807692307692 0.8497596153846154 0.038461538461538464 0.03365384615384615