259 0.47836538461538464 0.04326923076923077 0.09134615384615384 0.08653846153846154
23 0.4387019230769231 0.18028846153846154 0.08413461538461539 0.09375
24 0.5204326923076923 0.1778846153846154 0.08413461538461539 0.09375
20 0.43990384615384615 0.27403846153846156 0.08173076923076923 0.0889423076923077
22 0.5192307692307693 0.27283653846153844 0.08173076923076923 0.0889423076923077
11 0.43990384615384615 0.3629807692307692 0.08173076923076923 0.08413461538461539
16 0.5192307692307693 0.3629807692307692 0.08173076923076923 0.08413461538461539
113 0.4411057692307692 0.45072115384615385 0.07932692307692307 0.08413461538461539
10 0.5180288461538461 0.4495192307692308 0.07692307692307693 0.08173076923076923
110 0.43990384615384615 0.5336538461538461 0.07451923076923077 0.08173076923076923
111 0.515625 0.5300480769230769 0.08173076923076923 0.07932692307692307
85 0.43990384615384615 0.6129807692307693 0.07692307692307693 0.08173076923076923
99 0.5168269230769231 0.6105769230769231 0.07451923076923077 0.07692307692307693
53 0.4411057692307692 0.6899038461538461 0.07451923076923077 0.07451923076923077
72 0.515625 0.6887019230769231 0.07211538461538461 0.07692307692307693
9 0.4411057692307692 0.7692307692307693 0.07451923076923077 0.08413461538461539
35 0.515625 0.7692307692307693 0.07451923076923077 0.08413461538461539
275 0.44471153846153844 0.8774038461538461 0.07211538461538461 0.08173076923076923
264 0.5144230769230769 0.8774038461538461 0.07211538461538461 0.08173076923076923