354 0.49038461538461536 0.15865384615384615 0.07692307692307693 0.07932692307692307
275 0.5961538461538461 0.15745192307692307 0.11057692307692307 0.11778846153846154
272 0.4879807692307692 0.48677884615384615 0.05048076923076923 0.0625
259 0.5805288461538461 0.5697115384615384 0.09615384615384616 0.08653846153846154
35 0.5757211538461539 0.6418269230769231 0.09134615384615384 0.07932692307692307
35 0.48677884615384615 0.6418269230769231 0.06971153846153846 0.06971153846153846
277 0.5757211538461539 0.7199519230769231 0.08653846153846154 0.08413461538461539
9 0.48677884615384615 0.7127403846153846 0.06490384615384616 0.06009615384615385
262 0.484375 0.8028846153846154 0.08653846153846154 0.07451923076923077
339 0.4795673076923077 0.9495192307692307 0.07211538461538461 0.057692307692307696
320 0.4855769230769231 0.5649038461538461 0.0673076923076923 0.06971153846153846
289 0.4795673076923077 0.8834134615384616 0.0889423076923077 0.07932692307692307