273 0.5 0.28365384615384615 0.1466346153846154 0.1971153846153846
9 0.4543269230769231 0.47836538461538464 0.040865384615384616 0.0889423076923077
35 0.4987980769230769 0.47836538461538464 0.04326923076923077 0.08653846153846154
53 0.5420673076923077 0.4795673076923077 0.040865384615384616 0.0889423076923077
72 0.4543269230769231 0.578125 0.040865384615384616 0.09134615384615384
85 0.4987980769230769 0.5757211538461539 0.040865384615384616 0.08653846153846154
99 0.5408653846153846 0.5757211538461539 0.04326923076923077 0.08173076923076923
110 0.4567307692307692 0.6742788461538461 0.040865384615384616 0.08653846153846154
111 0.4987980769230769 0.6730769230769231 0.040865384615384616 0.08413461538461539
113 0.5396634615384616 0.6730769230769231 0.040865384615384616 0.08413461538461539
276 0.4567307692307692 0.7668269230769231 0.040865384615384616 0.08413461538461539
8 0.49759615384615385 0.7668269230769231 0.040865384615384616 0.08413461538461539
0 0.5384615384615384 0.7644230769230769 0.038461538461538464 0.08413461538461539
131 0.49759615384615385 0.8762019230769231 0.125 0.09134615384615384