260 0.39663461538461536 0.2848557692307692 0.07211538461538461 0.11538461538461539
266 0.45552884615384615 0.2848557692307692 0.07211538461538461 0.12259615384615384
266 0.5132211538461539 0.27884615384615385 0.0625 0.11778846153846154
266 0.5661057692307693 0.27163461538461536 0.0625 0.11778846153846154
266 0.5132211538461539 0.39783653846153844 0.06490384615384616 0.11057692307692307
266 0.5673076923076923 0.3942307692307692 0.06009615384615385 0.11778846153846154
266 0.5144230769230769 0.5180288461538461 0.0625 0.11298076923076923
266 0.5673076923076923 0.5132211538461539 0.06009615384615385 0.11538461538461539
9 0.40024038461538464 0.41225961538461536 0.06971153846153846 0.11538461538461539
35 0.4579326923076923 0.4074519230769231 0.06490384615384616 0.10817307692307693
259 0.4026442307692308 0.5300480769230769 0.06971153846153846 0.11298076923076923
264 0.46033653846153844 0.5228365384615384 0.0625 0.11057692307692307