131 0.3125 0.36538461538461536 0.07451923076923077 0.08653846153846154
259 0.6262019230769231 0.3629807692307692 0.040865384615384616 0.055288461538461536
53 0.37740384615384615 0.49158653846153844 0.04326923076923077 0.05048076923076923
152 0.38100961538461536 0.5745192307692307 0.040865384615384616 0.05048076923076923
72 0.45072115384615385 0.49038461538461536 0.040865384615384616 0.052884615384615384
9 0.453125 0.5745192307692307 0.038461538461538464 0.04807692307692308
85 0.5228365384615384 0.4879807692307692 0.040865384615384616 0.055288461538461536
35 0.5228365384615384 0.5721153846153846 0.038461538461538464 0.05048076923076923
272 0.4543269230769231 0.6526442307692307 0.038461538461538464 0.052884615384615384
272 0.5216346153846154 0.6490384615384616 0.038461538461538464 0.052884615384615384
264 0.6201923076923077 0.4855769230769231 0.038461538461538464 0.057692307692307696
275 0.6153846153846154 0.5709134615384616 0.038461538461538464 0.05048076923076923