275 0.41346153846153844 0.12139423076923077 0.09375 0.10576923076923077
264 0.5540865384615384 0.11778846153846154 0.08413461538461539 0.10576923076923077
85 0.421875 0.34615384615384615 0.09375 0.10096153846153846
10 0.5576923076923077 0.3269230769230769 0.08653846153846154 0.0985576923076923
72 0.43028846153846156 0.46274038461538464 0.0889423076923077 0.10096153846153846
113 0.5576923076923077 0.4362980769230769 0.07932692307692307 0.09134615384615384
53 0.4338942307692308 0.5721153846153846 0.08653846153846154 0.0985576923076923
111 0.5576923076923077 0.5408653846153846 0.07932692307692307 0.0889423076923077
35 0.43990384615384615 0.6742788461538461 0.08413461538461539 0.0889423076923077
110 0.5588942307692307 0.6394230769230769 0.07451923076923077 0.0889423076923077
9 0.44591346153846156 0.7692307692307693 0.07932692307692307 0.08653846153846154
99 0.5600961538461539 0.7283653846153846 0.07451923076923077 0.08413461538461539
119 0.45072115384615385 0.8581730769230769 0.07932692307692307 0.07932692307692307