356 0.35697115384615385 0.23677884615384615 0.11538461538461539 0.07451923076923077
259 0.6346153846153846 0.24278846153846154 0.12980769230769232 0.08173076923076923
43 0.36538461538461536 0.4338942307692308 0.11057692307692307 0.07211538461538461
39 0.36778846153846156 0.5180288461538461 0.11057692307692307 0.07211538461538461
42 0.625 0.5420673076923077 0.12740384615384615 0.08173076923076923
37 0.36899038461538464 0.5997596153846154 0.11057692307692307 0.0673076923076923
28 0.3737980769230769 0.6778846153846154 0.11057692307692307 0.06971153846153846
152 0.37259615384615385 0.7548076923076923 0.11057692307692307 0.06971153846153846
264 0.3762019230769231 0.8449519230769231 0.10576923076923077 0.06971153846153846
38 0.6262019230769231 0.625 0.12259615384615384 0.07451923076923077
36 0.6237980769230769 0.7091346153846154 0.12259615384615384 0.07451923076923077
26 0.6225961538461539 0.7908653846153846 0.1201923076923077 0.07451923076923077
275 0.6213942307692307 0.8834134615384616 0.11538461538461539 0.07451923076923077