259 0.421875 0.04807692307692308 0.11538461538461539 0.09615384615384616
263 0.6622596153846154 0.055288461538461536 0.0985576923076923 0.11057692307692307
99 0.29927884615384615 0.18389423076923078 0.11298076923076923 0.13701923076923078
85 0.296875 0.3293269230769231 0.10817307692307693 0.12980769230769232
72 0.29447115384615385 0.45552884615384615 0.10336538461538461 0.11298076923076923
53 0.2932692307692308 0.5757211538461539 0.09375 0.10576923076923077
35 0.2956730769230769 0.6826923076923077 0.08413461538461539 0.0985576923076923
9 0.2932692307692308 0.78125 0.0889423076923077 0.0889423076923077
275 0.3786057692307692 0.8665865384615384 0.07451923076923077 0.07932692307692307
264 0.546875 0.8665865384615384 0.07451923076923077 0.07932692307692307
11 0.5252403846153846 0.19110576923076922 0.11538461538461539 0.13942307692307693
10 0.5144230769230769 0.33533653846153844 0.10336538461538461 0.1201923076923077
113 0.5 0.4651442307692308 0.09615384615384616 0.11298076923076923
111 0.49158653846153844 0.578125 0.08653846153846154 0.0985576923076923
110 0.4795673076923077 0.6838942307692307 0.0889423076923077 0.09375
24 0.7536057692307693 0.20192307692307693 0.10096153846153846 0.1346153846153846
23 0.7247596153846154 0.3425480769230769 0.0985576923076923 0.11778846153846154
22 0.7043269230769231 0.46634615384615385 0.09375 0.11057692307692307
20 0.6838942307692307 0.5841346153846154 0.09615384615384616 0.10576923076923077
16 0.6646634615384616 0.6875 0.07692307692307693 0.0889423076923077