72 0.5564903846153846 0.3245192307692308 0.0889423076923077 0.13701923076923078
85 0.6334134615384616 0.31850961538461536 0.09134615384615384 0.13701923076923078
35 0.5528846153846154 0.4423076923076923 0.08653846153846154 0.12259615384615384
53 0.6322115384615384 0.4387019230769231 0.08653846153846154 0.1201923076923077
119 0.5540865384615384 0.5540865384615384 0.08413461538461539 0.10817307692307693
277 0.6274038461538461 0.546875 0.08173076923076923 0.11057692307692307
259 0.5540865384615384 0.6790865384615384 0.07451923076923077 0.10817307692307693
263 0.625 0.6754807692307693 0.07932692307692307 0.11298076923076923
275 0.5528846153846154 0.7740384615384616 0.08173076923076923 0.11057692307692307
264 0.6213942307692307 0.7692307692307693 0.07451923076923077 0.10817307692307693
272 0.5228365384615384 0.9579326923076923 0.06490384615384616 0.07211538461538461
272 0.5841346153846154 0.9591346153846154 0.038461538461538464 0.06971153846153846
272 0.6466346153846154 0.9543269230769231 0.038461538461538464 0.06971153846153846