273 0.5552884615384616 0.2764423076923077 0.27403846153846156 0.09615384615384616
9 0.47716346153846156 0.3918269230769231 0.07211538461538461 0.05048076923076923
35 0.5504807692307693 0.390625 0.07451923076923077 0.05048076923076923
53 0.6237980769230769 0.390625 0.07451923076923077 0.05048076923076923
72 0.47596153846153844 0.44591346153846156 0.07451923076923077 0.04567307692307692
85 0.5480769230769231 0.44471153846153844 0.06971153846153846 0.04807692307692308
99 0.6225961538461539 0.44471153846153844 0.07211538461538461 0.04807692307692308
110 0.47836538461538464 0.49759615384615385 0.06971153846153846 0.04807692307692308
111 0.5480769230769231 0.4963942307692308 0.06971153846153846 0.04567307692307692
113 0.6153846153846154 0.4951923076923077 0.07451923076923077 0.04567307692307692
276 0.47716346153846156 0.5456730769230769 0.07451923076923077 0.04567307692307692
8 0.546875 0.5432692307692307 0.0673076923076923 0.04567307692307692
0 0.6153846153846154 0.5432692307692307 0.06490384615384616 0.04807692307692308
131 0.5456730769230769 0.6009615384615384 0.20673076923076922 0.04567307692307692
275 0.36899038461538464 0.8822115384615384 0.15144230769230768 0.04807692307692308
264 0.7079326923076923 0.8810096153846154 0.1346153846153846 0.04807692307692308