99 0.5504807692307693 0.20793269230769232 0.036057692307692304 0.07211538461538461
85 0.5492788461538461 0.2776442307692308 0.03365384615384615 0.06490384615384616
72 0.5492788461538461 0.3449519230769231 0.036057692307692304 0.0673076923076923
53 0.5492788461538461 0.4110576923076923 0.038461538461538464 0.06490384615384616
35 0.546875 0.47836538461538464 0.036057692307692304 0.0625
9 0.546875 0.5444711538461539 0.036057692307692304 0.06490384615384616
16 0.609375 0.20793269230769232 0.036057692307692304 0.0673076923076923
11 0.6081730769230769 0.2776442307692308 0.036057692307692304 0.06490384615384616
10 0.6057692307692307 0.3449519230769231 0.036057692307692304 0.0625
113 0.6045673076923077 0.41225961538461536 0.03365384615384615 0.0625
111 0.6045673076923077 0.47475961538461536 0.036057692307692304 0.06490384615384616
110 0.6033653846153846 0.5432692307692307 0.036057692307692304 0.06490384615384616
275 0.5456730769230769 0.6730769230769231 0.03365384615384615 0.06490384615384616
264 0.6009615384615384 0.6730769230769231 0.038461538461538464 0.06490384615384616