273 0.46875 0.25600961538461536 0.0985576923076923 0.32211538461538464
273 0.6766826923076923 0.2860576923076923 0.07451923076923077 0.2980769230769231
259 0.44471153846153844 0.6838942307692307 0.03365384615384615 0.057692307692307696
259 0.7103365384615384 0.6862980769230769 0.026442307692307692 0.057692307692307696
263 0.4987980769230769 0.6838942307692307 0.03125 0.057692307692307696
263 0.6694711538461539 0.6838942307692307 0.026442307692307692 0.057692307692307696
275 0.44471153846153844 0.8173076923076923 0.03365384615384615 0.06009615384615385
275 0.7151442307692307 0.8088942307692307 0.02403846153846154 0.05048076923076923
264 0.5 0.8149038461538461 0.03125 0.06009615384615385
264 0.6754807692307693 0.8112980769230769 0.02403846153846154 0.057692307692307696
110 0.4723557692307692 0.9194711538461539 0.03365384615384615 0.06490384615384616
365 0.6971153846153846 0.9050480769230769 0.028846153846153848 0.057692307692307696
99 0.4735576923076923 0.9783653846153846 0.03365384615384615 0.040865384615384616
365 0.7007211538461539 0.9699519230769231 0.028846153846153848 0.057692307692307696