110 0.47836538461538464 0.21634615384615385 0.0625 0.11057692307692307
111 0.578125 0.21394230769230768 0.06009615384615385 0.10576923076923077
113 0.6778846153846154 0.21033653846153846 0.057692307692307696 0.10336538461538461
72 0.48197115384615385 0.3713942307692308 0.06009615384615385 0.10336538461538461
85 0.578125 0.3713942307692308 0.06009615384615385 0.11298076923076923
99 0.6754807692307693 0.3713942307692308 0.0625 0.11298076923076923
264 0.3954326923076923 0.5192307692307693 0.055288461538461536 0.09375
275 0.4026442307692308 0.6514423076923077 0.052884615384615384 0.09134615384615384
259 0.40865384615384615 0.7824519230769231 0.057692307692307696 0.09134615384615384
9 0.4855769230769231 0.5192307692307693 0.055288461538461536 0.09134615384615384
35 0.5793269230769231 0.5216346153846154 0.055288461538461536 0.09615384615384616
53 0.6754807692307693 0.5228365384615384 0.057692307692307696 0.09615384615384616
8 0.49038461538461536 0.65625 0.055288461538461536 0.09615384615384616
152 0.578125 0.6598557692307693 0.057692307692307696 0.10096153846153846
168 0.6730769230769231 0.6634615384615384 0.055288461538461536 0.09615384615384616
263 0.49278846153846156 0.7848557692307693 0.055288461538461536 0.0889423076923077
291 0.5793269230769231 0.7920673076923077 0.055288461538461536 0.0985576923076923
291 0.6706730769230769 0.7992788461538461 0.057692307692307696 0.09615384615384616