265 0.25961538461538464 0.4411057692307692 0.03365384615384615 0.057692307692307696
120 0.296875 0.4375 0.03125 0.05048076923076923
266 0.33052884615384615 0.4362980769230769 0.028846153846153848 0.04807692307692308
35 0.3629807692307692 0.43509615384615385 0.028846153846153848 0.052884615384615384
53 0.39663461538461536 0.4326923076923077 0.028846153846153848 0.052884615384615384
72 0.42788461538461536 0.4326923076923077 0.028846153846153848 0.05048076923076923
85 0.46033653846153844 0.43028846153846156 0.028846153846153848 0.05048076923076923
99 0.49038461538461536 0.4266826923076923 0.028846153846153848 0.04807692307692308
110 0.5228365384615384 0.4254807692307692 0.028846153846153848 0.052884615384615384
111 0.5528846153846154 0.4230769230769231 0.028846153846153848 0.04807692307692308
113 0.5841346153846154 0.4230769230769231 0.028846153846153848 0.04807692307692308
10 0.6153846153846154 0.4206730769230769 0.026442307692307692 0.04807692307692308
11 0.6454326923076923 0.4182692307692308 0.028846153846153848 0.04807692307692308
16 0.6766826923076923 0.4170673076923077 0.026442307692307692 0.05048076923076923
20 0.7067307692307693 0.41586538461538464 0.026442307692307692 0.04807692307692308
22 0.7367788461538461 0.41346153846153844 0.028846153846153848 0.04567307692307692
23 0.7680288461538461 0.41225961538461536 0.028846153846153848 0.04807692307692308
9 0.3317307692307692 0.6983173076923077 0.06971153846153846 0.10576923076923077
111 0.265625 0.5829326923076923 0.06971153846153846 0.11538461538461539
113 0.3269230769230769 0.5805288461538461 0.07211538461538461 0.11538461538461539
10 0.38822115384615385 0.5769230769230769 0.06971153846153846 0.10576923076923077
11 0.44711538461538464 0.5745192307692307 0.06971153846153846 0.10576923076923077
16 0.5060096153846154 0.5685096153846154 0.06971153846153846 0.10576923076923077
20 0.5661057692307693 0.5649038461538461 0.06971153846153846 0.10576923076923077
22 0.6225961538461539 0.5588942307692307 0.06490384615384616 0.10576923076923077
23 0.6742788461538461 0.5528846153846154 0.0625 0.10576923076923077
35 0.390625 0.6947115384615384 0.0673076923076923 0.10576923076923077
53 0.4483173076923077 0.6899038461538461 0.0673076923076923 0.10336538461538461
72 0.5084134615384616 0.6875 0.06971153846153846 0.10817307692307693
85 0.5673076923076923 0.6814903846153846 0.06971153846153846 0.10576923076923077
259 0.7992788461538461 0.4098557692307692 0.028846153846153848 0.04807692307692308
263 0.8149038461538461 0.2283653846153846 0.052884615384615384 0.10576923076923077