131 0.23557692307692307 0.8317307692307693 0.14182692307692307 0.20192307692307693
263 0.8269230769230769 0.7391826923076923 0.08413461538461539 0.12259615384615384
264 0.8269230769230769 0.8870192307692307 0.08413461538461539 0.11298076923076923
275 0.96875 0.8822115384615384 0.06009615384615385 0.10576923076923077
259 0.9711538461538461 0.734375 0.055288461538461536 0.10576923076923077
9 0.1935096153846154 0.6033653846153846 0.07932692307692307 0.11057692307692307
99 0.18990384615384615 0.4495192307692308 0.07932692307692307 0.1201923076923077
110 0.18990384615384615 0.2956730769230769 0.08413461538461539 0.12259615384615384
42 0.34375 0.44471153846153844 0.08413461538461539 0.12740384615384615
43 0.34375 0.28725961538461536 0.08413461538461539 0.1201923076923077
44 0.5048076923076923 0.5925480769230769 0.08653846153846154 0.1201923076923077
46 0.5024038461538461 0.4375 0.08653846153846154 0.12259615384615384
47 0.5 0.28125 0.08413461538461539 0.12259615384615384
54 0.6670673076923077 0.5877403846153846 0.0889423076923077 0.12259615384615384
55 0.6646634615384616 0.4338942307692308 0.08653846153846154 0.11778846153846154
56 0.6634615384615384 0.2776442307692308 0.08653846153846154 0.125
57 0.8269230769230769 0.5889423076923077 0.08413461538461539 0.11538461538461539
59 0.8269230769230769 0.4326923076923077 0.08653846153846154 0.1201923076923077
60 0.8233173076923077 0.2764423076923077 0.08653846153846154 0.11778846153846154
111 0.3473557692307692 0.5973557692307693 0.09134615384615384 0.11778846153846154