22 0.40865384615384615 0.2247596153846154 0.04326923076923077 0.08413461538461539
16 0.4098557692307692 0.32572115384615385 0.04567307692307692 0.08413461538461539
10 0.4110576923076923 0.41947115384615385 0.04567307692307692 0.08653846153846154
111 0.4110576923076923 0.5096153846153846 0.04567307692307692 0.08653846153846154
99 0.41225961538461536 0.59375 0.04567307692307692 0.07932692307692307
72 0.41346153846153844 0.6754807692307693 0.04326923076923077 0.07692307692307693
35 0.41466346153846156 0.7572115384615384 0.040865384615384616 0.07692307692307693
275 0.36899038461538464 0.859375 0.04326923076923077 0.07451923076923077
275 0.41346153846153844 0.921875 0.038461538461538464 0.06971153846153846
264 0.41346153846153844 0.8461538461538461 0.04326923076923077 0.07932692307692307
259 0.4567307692307692 0.8317307692307693 0.04326923076923077 0.07451923076923077