273 0.4723557692307692 0.20192307692307693 0.10336538461538461 0.10817307692307693
266 0.4326923076923077 0.6117788461538461 0.028846153846153848 0.04807692307692308
266 0.5072115384615384 0.6153846153846154 0.03125 0.06009615384615385
38 0.4699519230769231 0.7079326923076923 0.03125 0.057692307692307696
37 0.43149038461538464 0.7079326923076923 0.03125 0.057692307692307696
36 0.5072115384615384 0.7788461538461539 0.03125 0.06009615384615385
28 0.4699519230769231 0.7788461538461539 0.036057692307692304 0.057692307692307696
26 0.43028846153846156 0.7764423076923077 0.036057692307692304 0.06009615384615385
25 0.46875 0.8497596153846154 0.03365384615384615 0.06009615384615385
24 0.42908653846153844 0.8509615384615384 0.036057692307692304 0.0625
23 0.5084134615384616 0.9254807692307693 0.036057692307692304 0.0625
22 0.46875 0.9242788461538461 0.036057692307692304 0.0625
16 0.42788461538461536 0.9242788461538461 0.036057692307692304 0.0625
266 0.7668269230769231 0.6225961538461539 0.03125 0.052884615384615384
365 0.7716346153846154 0.7151442307692307 0.03125 0.057692307692307696
365 0.7776442307692307 0.7836538461538461 0.03125 0.055288461538461536
365 0.7824519230769231 0.8557692307692307 0.03365384615384615 0.057692307692307696
365 0.7860576923076923 0.9254807692307693 0.03125 0.06009615384615385