264 0.6021634615384616 0.34975961538461536 0.06009615384615385 0.04807692307692308
275 0.7055288461538461 0.4026442307692308 0.06009615384615385 0.05048076923076923
118 0.5528846153846154 0.4050480769230769 0.055288461538461536 0.04326923076923077
259 0.6526442307692307 0.45913461538461536 0.055288461538461536 0.038461538461538464
16 0.6069711538461539 0.5096153846153846 0.057692307692307696 0.04326923076923077
168 0.5072115384615384 0.45913461538461536 0.055288461538461536 0.04326923076923077
11 0.4651442307692308 0.5072115384615384 0.04807692307692308 0.038461538461538464
10 0.5588942307692307 0.5588942307692307 0.05048076923076923 0.038461538461538464
113 0.4230769230769231 0.5528846153846154 0.05048076923076923 0.038461538461538464
111 0.5168269230769231 0.6057692307692307 0.055288461538461536 0.038461538461538464
110 0.38341346153846156 0.5997596153846154 0.04567307692307692 0.038461538461538464
99 0.4723557692307692 0.6514423076923077 0.05048076923076923 0.038461538461538464
85 0.34615384615384615 0.6442307692307693 0.04567307692307692 0.03365384615384615
72 0.4326923076923077 0.6947115384615384 0.04807692307692308 0.038461538461538464
53 0.3112980769230769 0.6862980769230769 0.04326923076923077 0.03365384615384615
35 0.39302884615384615 0.7367788461538461 0.052884615384615384 0.038461538461538464
9 0.27163461538461536 0.7259615384615384 0.04326923076923077 0.036057692307692304
260 0.3557692307692308 0.7764423076923077 0.04807692307692308 0.040865384615384616
273 0.8822115384615384 0.12620192307692307 0.22355769230769232 0.14903846153846154
260 0.2620192307692308 0.8100961538461539 0.036057692307692304 0.03125