55 0.5721153846153846 0.3798076923076923 0.13221153846153846 0.12740384615384615
54 0.8557692307692307 0.5420673076923077 0.13221153846153846 0.11298076923076923
47 0.7079326923076923 0.5288461538461539 0.13221153846153846 0.11778846153846154
46 0.5697115384615384 0.5180288461538461 0.12740384615384615 0.1201923076923077
44 0.43149038461538464 0.5036057692307693 0.125 0.11298076923076923
43 0.3004807692307692 0.49038461538461536 0.11778846153846154 0.11538461538461539
42 0.8401442307692307 0.6670673076923077 0.13221153846153846 0.10817307692307693
41 0.7019230769230769 0.65625 0.12259615384615384 0.11298076923076923
39 0.5649038461538461 0.6394230769230769 0.11778846153846154 0.10096153846153846
38 0.4338942307692308 0.6298076923076923 0.11778846153846154 0.10576923076923077
37 0.30649038461538464 0.6141826923076923 0.11298076923076923 0.10576923076923077
36 0.8257211538461539 0.7884615384615384 0.125 0.10576923076923077
28 0.6923076923076923 0.7716346153846154 0.1201923076923077 0.10096153846153846
26 0.5612980769230769 0.7584134615384616 0.11538461538461539 0.10096153846153846
25 0.4362980769230769 0.7451923076923077 0.11538461538461539 0.0985576923076923
24 0.31490384615384615 0.7295673076923077 0.11538461538461539 0.10096153846153846
23 0.8112980769230769 0.8966346153846154 0.1201923076923077 0.09375
22 0.6826923076923077 0.8858173076923077 0.11538461538461539 0.10096153846153846
20 0.5600961538461539 0.8689903846153846 0.10817307692307693 0.09615384615384616
16 0.4375 0.8557692307692307 0.11057692307692307 0.09615384615384616
11 0.31850961538461536 0.8377403846153846 0.10576923076923077 0.09615384615384616
10 0.6790865384615384 0.96875 0.11298076923076923 0.06009615384615385
113 0.32572115384615385 0.9338942307692307 0.10336538461538461 0.09134615384615384