273 0.5048076923076923 0.18269230769230768 0.12740384615384615 0.07451923076923077
259 0.5036057692307693 0.5324519230769231 0.028846153846153848 0.02403846153846154
41 0.5396634615384616 0.5709134615384616 0.026442307692307692 0.026442307692307692
38 0.4639423076923077 0.5757211538461539 0.028846153846153848 0.028846153846153848
36 0.5384615384615384 0.6009615384615384 0.028846153846153848 0.02403846153846154
26 0.4639423076923077 0.6081730769230769 0.028846153846153848 0.028846153846153848
24 0.5384615384615384 0.6310096153846154 0.026442307692307692 0.026442307692307692
22 0.46274038461538464 0.6394230769230769 0.028846153846153848 0.026442307692307692
16 0.5384615384615384 0.6622596153846154 0.028846153846153848 0.026442307692307692
10 0.46274038461538464 0.671875 0.028846153846153848 0.026442307692307692
111 0.5384615384615384 0.6923076923076923 0.028846153846153848 0.026442307692307692
99 0.46274038461538464 0.703125 0.028846153846153848 0.028846153846153848
72 0.5372596153846154 0.7211538461538461 0.026442307692307692 0.026442307692307692
35 0.46274038461538464 0.734375 0.028846153846153848 0.028846153846153848
9 0.5372596153846154 0.7524038461538461 0.028846153846153848 0.028846153846153848
152 0.46274038461538464 0.765625 0.028846153846153848 0.03125
264 0.5372596153846154 0.7908653846153846 0.028846153846153848 0.026442307692307692
275 0.46274038461538464 0.8064903846153846 0.028846153846153848 0.03125
272 0.46153846153846156 0.8725961538461539 0.028846153846153848 0.028846153846153848
272 0.5 0.8641826923076923 0.028846153846153848 0.026442307692307692
272 0.5360576923076923 0.8545673076923077 0.028846153846153848 0.026442307692307692