273 0.5084134615384616 0.22716346153846154 0.13221153846153846 0.04567307692307692
9 0.46875 0.28966346153846156 0.038461538461538464 0.026442307692307692
35 0.5096153846153846 0.28966346153846156 0.040865384615384616 0.02403846153846154
53 0.5492788461538461 0.28966346153846156 0.038461538461538464 0.026442307692307692
72 0.47115384615384615 0.32091346153846156 0.040865384615384616 0.026442307692307692
85 0.5096153846153846 0.32211538461538464 0.038461538461538464 0.026442307692307692
99 0.5492788461538461 0.32091346153846156 0.038461538461538464 0.026442307692307692
110 0.4723557692307692 0.35216346153846156 0.038461538461538464 0.026442307692307692
111 0.5096153846153846 0.35336538461538464 0.038461538461538464 0.026442307692307692
113 0.5492788461538461 0.35216346153846156 0.038461538461538464 0.02403846153846154
276 0.4735576923076923 0.38341346153846156 0.038461538461538464 0.02403846153846154
8 0.5108173076923077 0.38341346153846156 0.038461538461538464 0.02403846153846154
0 0.5504807692307693 0.38221153846153844 0.038461538461538464 0.026442307692307692
131 0.5132211538461539 0.4206730769230769 0.11298076923076923 0.02403846153846154
152 0.5144230769230769 0.5528846153846154 0.11057692307692307 0.021634615384615384