366 0.32211538461538464 0.421875 0.07211538461538461 0.040865384615384616
265 0.41346153846153844 0.4230769230769231 0.0625 0.038461538461538464
266 0.41346153846153844 0.4699519230769231 0.06009615384615385 0.036057692307692304
266 0.3233173076923077 0.4723557692307692 0.07211538461538461 0.038461538461538464
259 0.3245192307692308 0.5216346153846154 0.06971153846153846 0.038461538461538464
26 0.41225961538461536 0.5829326923076923 0.06009615384615385 0.04326923076923077
25 0.3245192307692308 0.59375 0.06971153846153846 0.040865384615384616
24 0.41225961538461536 0.6262019230769231 0.06009615384615385 0.040865384615384616
23 0.3233173076923077 0.640625 0.06971153846153846 0.04567307692307692
20 0.4110576923076923 0.6694711538461539 0.06009615384615385 0.04326923076923077
16 0.3233173076923077 0.6887019230769231 0.0673076923076923 0.04567307692307692
35 0.3233173076923077 0.7355769230769231 0.0673076923076923 0.04807692307692308
266 0.4098557692307692 0.7151442307692307 0.06009615384615385 0.04567307692307692
264 0.40865384615384615 0.7776442307692307 0.06009615384615385 0.04807692307692308
275 0.32211538461538464 0.8016826923076923 0.06490384615384616 0.05048076923076923
264 0.6394230769230769 0.7091346153846154 0.038461538461538464 0.028846153846153848
275 0.6899038461538461 0.6947115384615384 0.03125 0.026442307692307692
288 0.41346153846153844 0.515625 0.06009615384615385 0.038461538461538464