273 0.4987980769230769 0.08413461538461539 0.125 0.0625
259 0.5024038461538461 0.33774038461538464 0.03365384615384615 0.02403846153846154
26 0.5384615384615384 0.38341346153846156 0.03125 0.02403846153846154
25 0.4675480769230769 0.38341346153846156 0.03365384615384615 0.02403846153846154
24 0.5396634615384616 0.421875 0.028846153846153848 0.02403846153846154
23 0.4675480769230769 0.4230769230769231 0.03125 0.02403846153846154
22 0.5396634615384616 0.46033653846153844 0.03125 0.02403846153846154
20 0.46875 0.46153846153846156 0.03365384615384615 0.02403846153846154
16 0.5396634615384616 0.49759615384615385 0.03365384615384615 0.026442307692307692
11 0.46875 0.5 0.03365384615384615 0.02403846153846154
10 0.5408653846153846 0.5348557692307693 0.03125 0.02403846153846154
113 0.4699519230769231 0.5372596153846154 0.03365384615384615 0.02403846153846154
111 0.5396634615384616 0.5721153846153846 0.03365384615384615 0.02403846153846154
110 0.4699519230769231 0.5757211538461539 0.03365384615384615 0.02403846153846154
99 0.5408653846153846 0.609375 0.028846153846153848 0.02403846153846154
85 0.47115384615384615 0.6129807692307693 0.036057692307692304 0.02403846153846154
72 0.5420673076923077 0.6466346153846154 0.03125 0.02403846153846154
53 0.47115384615384615 0.6514423076923077 0.03365384615384615 0.02403846153846154
35 0.5420673076923077 0.6826923076923077 0.028846153846153848 0.02403846153846154
9 0.47115384615384615 0.6887019230769231 0.03365384615384615 0.021634615384615384
152 0.5072115384615384 0.7223557692307693 0.03125 0.02403846153846154
264 0.5432692307692307 0.7632211538461539 0.028846153846153848 0.026442307692307692
275 0.4723557692307692 0.7704326923076923 0.03365384615384615 0.026442307692307692
272 0.4639423076923077 0.8762019230769231 0.016826923076923076 0.019230769230769232