265 0.35697115384615385 0.08173076923076923 0.07932692307692307 0.06009615384615385
366 0.6189903846153846 0.08533653846153846 0.08413461538461539 0.0625
136 0.6105769230769231 0.19951923076923078 0.10336538461538461 0.08413461538461539
316 0.3545673076923077 0.19471153846153846 0.0985576923076923 0.08173076923076923
113 0.5877403846153846 0.33653846153846156 0.07932692307692307 0.06009615384615385
111 0.5829326923076923 0.40625 0.08173076923076923 0.0625
110 0.5793269230769231 0.47596153846153844 0.07692307692307693 0.06009615384615385
99 0.5745192307692307 0.5432692307692307 0.07692307692307693 0.06009615384615385
85 0.36778846153846156 0.4014423076923077 0.07932692307692307 0.06009615384615385
72 0.36658653846153844 0.46875 0.07932692307692307 0.057692307692307696
53 0.36538461538461536 0.5360576923076923 0.07451923076923077 0.057692307692307696
35 0.3641826923076923 0.5997596153846154 0.07451923076923077 0.055288461538461536
9 0.3641826923076923 0.6634615384615384 0.07451923076923077 0.057692307692307696
366 0.5612980769230769 0.7776442307692307 0.07451923076923077 0.055288461538461536
305 0.3605769230769231 0.7668269230769231 0.07451923076923077 0.055288461538461536