323 0.4230769230769231 0.19591346153846154 0.057692307692307696 0.0673076923076923
323 0.5192307692307693 0.20552884615384615 0.055288461538461536 0.06490384615384616
85 0.4675480769230769 0.31009615384615385 0.055288461538461536 0.057692307692307696
72 0.46274038461538464 0.3786057692307692 0.055288461538461536 0.057692307692307696
53 0.46153846153846156 0.44711538461538464 0.055288461538461536 0.055288461538461536
35 0.45913461538461536 0.5132211538461539 0.055288461538461536 0.057692307692307696
9 0.4567307692307692 0.578125 0.055288461538461536 0.057692307692307696
152 0.453125 0.6418269230769231 0.052884615384615384 0.06009615384615385
260 0.3870192307692308 0.8665865384615384 0.028846153846153848 0.0625
290 0.4206730769230769 0.8689903846153846 0.02403846153846154 0.0625
290 0.453125 0.8677884615384616 0.026442307692307692 0.06009615384615385
290 0.4855769230769231 0.8665865384615384 0.02403846153846154 0.06009615384615385
290 0.3858173076923077 0.9603365384615384 0.026442307692307692 0.05048076923076923
290 0.4182692307692308 0.9615384615384616 0.02403846153846154 0.052884615384615384