331 0.5144230769230769 0.546875 0.06009615384615385 0.036057692307692304
323 0.41346153846153844 0.5492788461538461 0.06009615384615385 0.036057692307692304
113 0.41225961538461536 0.6129807692307693 0.06009615384615385 0.04567307692307692
111 0.41225961538461536 0.65625 0.06009615384615385 0.04807692307692308
110 0.4110576923076923 0.6983173076923077 0.06009615384615385 0.04807692307692308
99 0.4110576923076923 0.7379807692307693 0.06009615384615385 0.04807692307692308
85 0.4098557692307692 0.7788461538461539 0.0625 0.04567307692307692
260 0.4098557692307692 0.8173076923076923 0.0625 0.04807692307692308
53 0.4098557692307692 0.8581730769230769 0.0625 0.04807692307692308
35 0.4098557692307692 0.8990384615384616 0.0625 0.04807692307692308
260 0.5132211538461539 0.6081730769230769 0.0625 0.04326923076923077
23 0.5132211538461539 0.6502403846153846 0.0625 0.04567307692307692
22 0.5120192307692307 0.6911057692307693 0.06009615384615385 0.04567307692307692
260 0.5108173076923077 0.7307692307692307 0.06009615384615385 0.04567307692307692
16 0.5108173076923077 0.7704326923076923 0.06009615384615385 0.04807692307692308
11 0.5108173076923077 0.8100961538461539 0.06009615384615385 0.04567307692307692
10 0.5108173076923077 0.8473557692307693 0.06009615384615385 0.04807692307692308