73 0.14783653846153846 0.3004807692307692 0.18028846153846154 0.14903846153846154
76 0.4891826923076923 0.3004807692307692 0.17548076923076922 0.14903846153846154
81 0.8245192307692307 0.3004807692307692 0.1778846153846154 0.1466346153846154
80 0.8076923076923077 0.47596153846153844 0.17307692307692307 0.13221153846153846
79 0.7932692307692307 0.6382211538461539 0.16346153846153846 0.12740384615384615
75 0.4855769230769231 0.47716346153846156 0.16105769230769232 0.1346153846153846
74 0.484375 0.6394230769230769 0.15384615384615385 0.125
64 0.16105769230769232 0.47596153846153844 0.17067307692307693 0.13701923076923078
152 0.17668269230769232 0.6418269230769231 0.16826923076923078 0.125
275 0.3389423076923077 0.8930288461538461 0.14903846153846154 0.11057692307692307
264 0.6274038461538461 0.890625 0.14903846153846154 0.11057692307692307