273 0.4987980769230769 0.14903846153846154 0.11778846153846154 0.17548076923076922
273 0.8076923076923077 0.15504807692307693 0.15384615384615385 0.15625
53 0.5144230769230769 0.6574519230769231 0.04567307692307692 0.026442307692307692
35 0.515625 0.6875 0.04567307692307692 0.026442307692307692
187 0.5168269230769231 0.7175480769230769 0.04567307692307692 0.026442307692307692
9 0.5180288461538461 0.7475961538461539 0.04567307692307692 0.026442307692307692
264 0.6045673076923077 0.7848557692307693 0.04567307692307692 0.026442307692307692
275 0.5480769230769231 0.7860576923076923 0.04567307692307692 0.026442307692307692
275 0.49038461538461536 0.7884615384615384 0.04567307692307692 0.026442307692307692
260 0.4338942307692308 0.7908653846153846 0.04567307692307692 0.026442307692307692
272 0.4362980769230769 0.8473557692307693 0.04567307692307692 0.026442307692307692
272 0.49399038461538464 0.8449519230769231 0.04567307692307692 0.026442307692307692
272 0.5504807692307693 0.8425480769230769 0.04567307692307692 0.026442307692307692
272 0.6069711538461539 0.8401442307692307 0.04567307692307692 0.026442307692307692
365 0.8185096153846154 0.6502403846153846 0.04567307692307692 0.026442307692307692
365 0.8185096153846154 0.6802884615384616 0.04567307692307692 0.026442307692307692
365 0.8185096153846154 0.7091346153846154 0.04567307692307692 0.026442307692307692
365 0.8197115384615384 0.7391826923076923 0.04567307692307692 0.026442307692307692
264 0.7307692307692307 0.7800480769230769 0.04567307692307692 0.026442307692307692
275 0.7908653846153846 0.7788461538461539 0.05048076923076923 0.026442307692307692
275 0.8497596153846154 0.7776442307692307 0.04807692307692308 0.026442307692307692
260 0.9086538461538461 0.7764423076923077 0.04567307692307692 0.026442307692307692
272 0.9098557692307693 0.8305288461538461 0.04567307692307692 0.026442307692307692
272 0.8521634615384616 0.8317307692307693 0.04567307692307692 0.026442307692307692
272 0.7944711538461539 0.8329326923076923 0.04567307692307692 0.026442307692307692