265 0.5673076923076923 0.8028846153846154 0.07451923076923077 0.06009615384615385
253 0.5637019230769231 0.6875 0.05048076923076923 0.040865384615384616
253 0.38100961538461536 0.6887019230769231 0.04807692307692308 0.038461538461538464
53 0.3798076923076923 0.6322115384615384 0.05048076923076923 0.038461538461538464
35 0.5625 0.6310096153846154 0.04807692307692308 0.038461538461538464
72 0.5625 0.5733173076923077 0.04807692307692308 0.038461538461538464
85 0.3798076923076923 0.5745192307692307 0.04807692307692308 0.038461538461538464
110 0.37740384615384615 0.5168269230769231 0.04807692307692308 0.036057692307692304
113 0.3762019230769231 0.46153846153846156 0.04807692307692308 0.038461538461538464
11 0.3737980769230769 0.4026442307692308 0.04807692307692308 0.038461538461538464
20 0.37259615384615385 0.3473557692307692 0.05048076923076923 0.040865384615384616
260 0.37259615384615385 0.28846153846153844 0.04807692307692308 0.036057692307692304
260 0.3713942307692308 0.22956730769230768 0.04807692307692308 0.036057692307692304
24 0.5540865384615384 0.22596153846153846 0.052884615384615384 0.038461538461538464
22 0.5552884615384616 0.28365384615384615 0.05048076923076923 0.038461538461538464
16 0.5564903846153846 0.3425480769230769 0.05048076923076923 0.038461538461538464
260 0.5576923076923077 0.40024038461538464 0.04807692307692308 0.036057692307692304
260 0.5600961538461539 0.4579326923076923 0.04807692307692308 0.038461538461538464
260 0.5612980769230769 0.515625 0.04807692307692308 0.038461538461538464