229 0.6754807692307693 0.11899038461538461 0.15384615384615385 0.125
175 0.6682692307692307 0.24519230769230768 0.15384615384615385 0.11298076923076923
174 0.6598557692307693 0.3629807692307692 0.13221153846153846 0.11057692307692307
173 0.6502403846153846 0.4735576923076923 0.12980769230769232 0.09134615384615384
172 0.6454326923076923 0.5721153846153846 0.12259615384615384 0.09134615384615384
171 0.6358173076923077 0.6670673076923077 0.12740384615384615 0.0889423076923077
253 0.4411057692307692 0.36778846153846156 0.13701923076923078 0.10336538461538461
152 0.4411057692307692 0.47836538461538464 0.13942307692307693 0.0985576923076923
202 0.4411057692307692 0.5841346153846154 0.12980769230769232 0.09615384615384616
195 0.4411057692307692 0.6814903846153846 0.1346153846153846 0.0889423076923077
264 0.6274038461538461 0.8257211538461539 0.11298076923076923 0.08413461538461539
275 0.4411057692307692 0.8473557692307693 0.125 0.0889423076923077
266 0.4411057692307692 0.109375 0.16105769230769232 0.12980769230769232
266 0.43990384615384615 0.2403846153846154 0.16346153846153846 0.11538461538461539