260 0.515625 0.06129807692307692 0.0625 0.05048076923076923
265 0.5108173076923077 0.12379807692307693 0.055288461538461536 0.05048076923076923
85 0.4987980769230769 0.24519230769230768 0.06971153846153846 0.055288461538461536
72 0.49399038461538464 0.30288461538461536 0.0673076923076923 0.052884615384615384
53 0.49038461538461536 0.3581730769230769 0.06971153846153846 0.05048076923076923
35 0.4879807692307692 0.4098557692307692 0.0673076923076923 0.05048076923076923
9 0.4831730769230769 0.46153846153846156 0.06490384615384616 0.05048076923076923
260 0.4807692307692308 0.5120192307692307 0.06490384615384616 0.04807692307692308
260 0.47716346153846156 0.5600961538461539 0.06490384615384616 0.05048076923076923
249 0.4723557692307692 0.6081730769230769 0.0625 0.04567307692307692
266 0.46875 0.65625 0.0625 0.04567307692307692
272 0.24879807692307693 0.8629807692307693 0.08653846153846154 0.07451923076923077
272 0.45072115384615385 0.9170673076923077 0.09615384615384616 0.07211538461538461
260 0.46153846153846156 0.7439903846153846 0.057692307692307696 0.04807692307692308
260 0.45913461538461536 0.7872596153846154 0.057692307692307696 0.04326923076923077