28 0.7475961538461539 0.14543269230769232 0.20432692307692307 0.18269230769230768
26 0.5492788461538461 0.15504807692307693 0.19230769230769232 0.18269230769230768
25 0.37259615384615385 0.16346153846153846 0.17548076923076922 0.16826923076923078
24 0.7415865384615384 0.2956730769230769 0.20432692307692307 0.17307692307692307
23 0.5480769230769231 0.3016826923076923 0.19230769230769232 0.17067307692307693
22 0.3762019230769231 0.3016826923076923 0.17067307692307693 0.15865384615384615
20 0.7379807692307693 0.4326923076923077 0.19951923076923078 0.16826923076923078
16 0.5504807692307693 0.4338942307692308 0.18990384615384615 0.16346153846153846
11 0.3798076923076923 0.4326923076923077 0.17307692307692307 0.1658653846153846
10 0.734375 0.5685096153846154 0.18990384615384615 0.17307692307692307
113 0.5528846153846154 0.5637019230769231 0.18028846153846154 0.15865384615384615
111 0.38822115384615385 0.5492788461538461 0.16826923076923078 0.15865384615384615
110 0.7307692307692307 0.7007211538461539 0.18509615384615385 0.16826923076923078
99 0.5540865384615384 0.6862980769230769 0.18028846153846154 0.15384615384615385
85 0.3894230769230769 0.6670673076923077 0.16826923076923078 0.16346153846153846
72 0.7271634615384616 0.8209134615384616 0.18269230769230768 0.17067307692307693
53 0.5552884615384616 0.8052884615384616 0.18028846153846154 0.16346153846153846
35 0.39302884615384615 0.7848557692307693 0.15865384615384615 0.16826923076923078
9 0.7223557692307693 0.9278846153846154 0.1778846153846154 0.13942307692307693