264 0.6478365384615384 0.1045673076923077 0.04326923076923077 0.08413461538461539
275 0.578125 0.09615384615384616 0.04567307692307692 0.09134615384615384
10 0.6502403846153846 0.30649038461538464 0.040865384615384616 0.08173076923076923
113 0.6502403846153846 0.4050480769230769 0.038461538461538464 0.08413461538461539
111 0.6526442307692307 0.5024038461538461 0.04326923076923077 0.07932692307692307
110 0.6526442307692307 0.6009615384615384 0.04567307692307692 0.08653846153846154
99 0.6550480769230769 0.6995192307692307 0.04326923076923077 0.08413461538461539
85 0.5805288461538461 0.30288461538461536 0.04326923076923077 0.08653846153846154
72 0.5829326923076923 0.40625 0.04326923076923077 0.08413461538461539
53 0.5829326923076923 0.5060096153846154 0.04326923076923077 0.08173076923076923
35 0.5865384615384616 0.6069711538461539 0.04326923076923077 0.08413461538461539
9 0.5865384615384616 0.7079326923076923 0.04326923076923077 0.0889423076923077