273 0.49278846153846156 0.2247596153846154 0.3269230769230769 0.14903846153846154
9 0.40024038461538464 0.4206730769230769 0.10576923076923077 0.08413461538461539
35 0.4987980769230769 0.4206730769230769 0.0985576923076923 0.08413461538461539
53 0.5985576923076923 0.4182692307692308 0.10336538461538461 0.08413461538461539
72 0.4026442307692308 0.5240384615384616 0.10096153846153846 0.08413461538461539
85 0.5012019230769231 0.5216346153846154 0.0985576923076923 0.08413461538461539
99 0.5985576923076923 0.5216346153846154 0.10336538461538461 0.08413461538461539
110 0.4026442307692308 0.6237980769230769 0.0985576923076923 0.08173076923076923
111 0.5012019230769231 0.6225961538461539 0.0985576923076923 0.08413461538461539
113 0.5973557692307693 0.6225961538461539 0.10096153846153846 0.08413461538461539
276 0.40384615384615385 0.7235576923076923 0.10096153846153846 0.08173076923076923
8 0.5036057692307693 0.7223557692307693 0.0985576923076923 0.08173076923076923
0 0.5997596153846154 0.7199519230769231 0.09615384615384616 0.08173076923076923
131 0.5048076923076923 0.84375 0.29086538461538464 0.08413461538461539