263 0.49158653846153844 0.36899038461538464 0.14423076923076922 0.09134615384615384
354 0.4375 0.5204326923076923 0.13221153846153846 0.08413461538461539
331 0.5685096153846154 0.5300480769230769 0.1346153846153846 0.08653846153846154
85 0.45072115384615385 0.6742788461538461 0.1201923076923077 0.07692307692307693
72 0.453125 0.7283653846153846 0.11778846153846154 0.07692307692307693
53 0.4567307692307692 0.7788461538461539 0.11538461538461539 0.07211538461538461
35 0.46274038461538464 0.828125 0.11538461538461539 0.07211538461538461
9 0.4651442307692308 0.875 0.11057692307692307 0.07451923076923077
113 0.5661057692307693 0.6298076923076923 0.12740384615384615 0.08413461538461539
111 0.5661057692307693 0.6899038461538461 0.125 0.08173076923076923
110 0.5649038461538461 0.7439903846153846 0.125 0.07932692307692307
99 0.5612980769230769 0.796875 0.12259615384615384 0.07451923076923077