259 0.4807692307692308 0.052884615384615384 0.09134615384615384 0.06971153846153846
264 0.5661057692307693 0.1502403846153846 0.08653846153846154 0.07211538461538461
275 0.390625 0.14423076923076922 0.09134615384615384 0.07451923076923077
194 0.5552884615384616 0.31971153846153844 0.08173076923076923 0.0673076923076923
25 0.5516826923076923 0.40024038461538464 0.08413461538461539 0.0625
26 0.3870192307692308 0.31850961538461536 0.08653846153846154 0.06971153846153846
24 0.3870192307692308 0.40024038461538464 0.08413461538461539 0.057692307692307696
23 0.546875 0.47596153846153844 0.08653846153846154 0.057692307692307696
22 0.3870192307692308 0.47716346153846156 0.08653846153846154 0.06009615384615385
16 0.5420673076923077 0.5504807692307693 0.07932692307692307 0.06009615384615385
11 0.38822115384615385 0.5504807692307693 0.08173076923076923 0.055288461538461536
10 0.5384615384615384 0.6177884615384616 0.07692307692307693 0.052884615384615384
113 0.3858173076923077 0.6201923076923077 0.07932692307692307 0.06009615384615385
111 0.5336538461538461 0.6838942307692307 0.06971153846153846 0.055288461538461536
110 0.38461538461538464 0.6862980769230769 0.07451923076923077 0.055288461538461536
99 0.5300480769230769 0.7463942307692307 0.07451923076923077 0.052884615384615384
85 0.3870192307692308 0.7536057692307693 0.07451923076923077 0.052884615384615384
72 0.5276442307692307 0.8064903846153846 0.07692307692307693 0.05048076923076923
53 0.3858173076923077 0.8137019230769231 0.07451923076923077 0.05048076923076923
35 0.5240384615384616 0.8653846153846154 0.06971153846153846 0.04567307692307692
9 0.3798076923076923 0.8689903846153846 0.06971153846153846 0.04567307692307692