273 0.42788461538461536 0.17427884615384615 0.20432692307692307 0.052884615384615384
266 0.39663461538461536 0.44711538461538464 0.04807692307692308 0.038461538461538464
266 0.46875 0.44711538461538464 0.05048076923076923 0.038461538461538464
259 0.3954326923076923 0.49399038461538464 0.04807692307692308 0.038461538461538464
263 0.46875 0.4951923076923077 0.04567307692307692 0.038461538461538464
275 0.3954326923076923 0.5420673076923077 0.04567307692307692 0.038461538461538464
264 0.46875 0.5420673076923077 0.04807692307692308 0.040865384615384616
99 0.39663461538461536 0.6454326923076923 0.04807692307692308 0.038461538461538464
266 0.4699519230769231 0.6430288461538461 0.04567307692307692 0.038461538461538464
260 0.4699519230769231 0.6862980769230769 0.04807692307692308 0.038461538461538464
260 0.47115384615384615 0.7283653846153846 0.05048076923076923 0.038461538461538464
259 0.4723557692307692 0.7716346153846154 0.04807692307692308 0.038461538461538464
8 0.39663461538461536 0.7752403846153846 0.05048076923076923 0.038461538461538464
35 0.3954326923076923 0.7319711538461539 0.04807692307692308 0.038461538461538464
72 0.39663461538461536 0.6887019230769231 0.04807692307692308 0.038461538461538464
259 0.9326923076923077 0.49278846153846156 0.04567307692307692 0.038461538461538464
266 0.9302884615384616 0.4495192307692308 0.04326923076923077 0.036057692307692304
266 0.8665865384615384 0.4495192307692308 0.04326923076923077 0.038461538461538464
365 0.9471153846153846 0.7115384615384616 0.038461538461538464 0.036057692307692304
365 0.9471153846153846 0.7487980769230769 0.040865384615384616 0.03365384615384615
273 0.8846153846153846 0.19951923076923078 0.18028846153846154 0.055288461538461536
272 0.4362980769230769 0.9158653846153846 0.028846153846153848 0.02403846153846154
272 0.9194711538461539 0.8846153846153846 0.03125 0.026442307692307692
365 0.9459134615384616 0.671875 0.040865384615384616 0.036057692307692304
365 0.9423076923076923 0.6334134615384616 0.040865384615384616 0.036057692307692304
365 0.9350961538461539 0.5384615384615384 0.040865384615384616 0.03365384615384615
365 0.8725961538461539 0.5384615384615384 0.040865384615384616 0.03365384615384615