275 0.31850961538461536 0.06971153846153846 0.20192307692307693 0.13942307692307693
264 0.7223557692307693 0.07451923076923077 0.19471153846153846 0.14903846153846154
290 0.32211538461538464 0.24278846153846154 0.18028846153846154 0.07451923076923077
290 0.5180288461538461 0.24639423076923078 0.18028846153846154 0.07692307692307693
290 0.7091346153846154 0.24639423076923078 0.17307692307692307 0.07451923076923077
85 0.3269230769230769 0.5552884615384616 0.16346153846153846 0.12740384615384615
53 0.3317307692307692 0.7055288461538461 0.16826923076923078 0.12259615384615384
9 0.3317307692307692 0.8509615384615384 0.16105769230769232 0.125
35 0.6658653846153846 0.8413461538461539 0.16346153846153846 0.1201923076923077
72 0.6730769230769231 0.703125 0.16105769230769232 0.125
113 0.6826923076923077 0.5576923076923077 0.1658653846153846 0.125