266 0.5108173076923077 0.04567307692307692 0.021634615384615384 0.019230769230769232
11 0.4411057692307692 0.07572115384615384 0.021634615384615384 0.016826923076923076
16 0.46274038461538464 0.0733173076923077 0.019230769230769232 0.016826923076923076
20 0.48677884615384615 0.0733173076923077 0.021634615384615384 0.016826923076923076
260 0.4170673076923077 0.04927884615384615 0.019230769230769232 0.016826923076923076
260 0.3942307692307692 0.07572115384615384 0.019230769230769232 0.016826923076923076
260 0.4170673076923077 0.07572115384615384 0.019230769230769232 0.016826923076923076
260 0.43990384615384615 0.04807692307692308 0.019230769230769232 0.016826923076923076
260 0.46274038461538464 0.046875 0.019230769230769232 0.016826923076923076
260 0.4855769230769231 0.046875 0.019230769230769232 0.016826923076923076
259 0.4266826923076923 0.33774038461538464 0.040865384615384616 0.03125
273 0.4567307692307692 0.40024038461538464 0.125 0.026442307692307692
20 0.4182692307692308 0.4519230769230769 0.038461538461538464 0.03125
16 0.4182692307692308 0.4855769230769231 0.038461538461538464 0.028846153846153848
11 0.4182692307692308 0.5180288461538461 0.038461538461538464 0.03125
9 0.41947115384615385 0.5504807692307693 0.038461538461538464 0.028846153846153848
152 0.41947115384615385 0.5841346153846154 0.038461538461538464 0.028846153846153848
275 0.4206730769230769 0.6310096153846154 0.036057692307692304 0.028846153846153848
264 0.4963942307692308 0.6310096153846154 0.036057692307692304 0.028846153846153848
28 0.4951923076923077 0.4519230769230769 0.040865384615384616 0.03365384615384615
26 0.4951923076923077 0.4855769230769231 0.040865384615384616 0.03365384615384615
25 0.4951923076923077 0.5192307692307693 0.038461538461538464 0.028846153846153848
24 0.4951923076923077 0.5516826923076923 0.038461538461538464 0.028846153846153848
23 0.4963942307692308 0.5829326923076923 0.038461538461538464 0.028846153846153848
273 0.453125 0.14302884615384615 0.0985576923076923 0.021634615384615384