273 0.5661057692307693 0.34134615384615385 0.30288461538461536 0.2956730769230769
9 0.4675480769230769 0.6370192307692307 0.0673076923076923 0.08173076923076923
35 0.5504807692307693 0.6442307692307693 0.06971153846153846 0.08173076923076923
53 0.6370192307692307 0.6526442307692307 0.0673076923076923 0.07932692307692307
72 0.4675480769230769 0.7295673076923077 0.06490384615384616 0.07451923076923077
85 0.5492788461538461 0.7367788461538461 0.0673076923076923 0.07451923076923077
99 0.6310096153846154 0.7439903846153846 0.0673076923076923 0.07451923076923077
110 0.4675480769230769 0.8112980769230769 0.06490384615384616 0.07451923076923077
111 0.5456730769230769 0.8209134615384616 0.06490384615384616 0.07211538461538461
113 0.6262019230769231 0.8269230769230769 0.06490384615384616 0.07451923076923077
168 0.46875 0.890625 0.0625 0.06490384615384616
8 0.5444711538461539 0.8978365384615384 0.0625 0.0673076923076923
0 0.6189903846153846 0.90625 0.0625 0.0673076923076923