263 0.4579326923076923 0.16105769230769232 0.052884615384615384 0.0889423076923077
275 0.43028846153846156 0.3269230769230769 0.052884615384615384 0.0889423076923077
264 0.49038461538461536 0.33052884615384615 0.052884615384615384 0.08653846153846154
111 0.49278846153846156 0.4483173076923077 0.05048076923076923 0.08173076923076923
110 0.49399038461538464 0.5300480769230769 0.05048076923076923 0.08173076923076923
99 0.49399038461538464 0.609375 0.05048076923076923 0.08413461538461539
85 0.4963942307692308 0.6911057692307693 0.05048076923076923 0.08413461538461539
72 0.49759615384615385 0.7752403846153846 0.05048076923076923 0.0889423076923077
53 0.4326923076923077 0.5288461538461539 0.052884615384615384 0.08653846153846154
35 0.4338942307692308 0.6105769230769231 0.052884615384615384 0.08653846153846154
9 0.4338942307692308 0.6971153846153846 0.052884615384615384 0.0889423076923077
152 0.4362980769230769 0.7800480769230769 0.052884615384615384 0.09134615384615384
120 0.4362980769230769 0.8689903846153846 0.052884615384615384 0.09134615384615384