131 0.3473557692307692 0.3954326923076923 0.038461538461538464 0.06490384615384616
263 0.34975961538461536 0.4807692307692308 0.038461538461538464 0.057692307692307696
16 0.35216346153846156 0.5973557692307693 0.036057692307692304 0.055288461538461536
120 0.35336538461538464 0.6754807692307693 0.03365384615384615 0.05048076923076923
20 0.4026442307692308 0.59375 0.03365384615384615 0.052884615384615384
9 0.4050480769230769 0.6706730769230769 0.03365384615384615 0.04807692307692308
22 0.453125 0.5889423076923077 0.03365384615384615 0.05048076923076923
35 0.4543269230769231 0.6670673076923077 0.03125 0.05048076923076923
23 0.5024038461538461 0.5841346153846154 0.03365384615384615 0.05048076923076923
99 0.5024038461538461 0.6622596153846154 0.03365384615384615 0.05048076923076923
24 0.5492788461538461 0.5805288461538461 0.03365384615384615 0.05048076923076923
110 0.5504807692307693 0.6586538461538461 0.03365384615384615 0.05048076923076923
25 0.5985576923076923 0.5769230769230769 0.03365384615384615 0.05048076923076923
111 0.5973557692307693 0.6574519230769231 0.03125 0.05048076923076923
26 0.6466346153846154 0.5745192307692307 0.03125 0.05048076923076923
113 0.6454326923076923 0.6526442307692307 0.03125 0.052884615384615384
28 0.6935096153846154 0.5721153846153846 0.03365384615384615 0.055288461538461536
10 0.6923076923076923 0.6478365384615384 0.03365384615384615 0.05048076923076923
36 0.7415865384615384 0.5685096153846154 0.036057692307692304 0.055288461538461536
11 0.7391826923076923 0.6454326923076923 0.03365384615384615 0.05048076923076923
273 0.5504807692307693 0.4266826923076923 0.0625 0.14423076923076922
275 0.6971153846153846 0.46153846153846156 0.036057692307692304 0.055288461538461536
264 0.7439903846153846 0.45913461538461536 0.036057692307692304 0.055288461538461536