131 0.23677884615384615 0.34975961538461536 0.040865384615384616 0.07451923076923077
263 0.3389423076923077 0.2920673076923077 0.04326923076923077 0.07692307692307693
275 0.3918269230769231 0.2932692307692308 0.04326923076923077 0.07451923076923077
264 0.3942307692307692 0.4014423076923077 0.04326923076923077 0.06971153846153846
273 0.46033653846153844 0.34134615384615385 0.09134615384615384 0.27163461538461536
99 0.5288461538461539 0.29086538461538464 0.038461538461538464 0.07692307692307693
110 0.5793269230769231 0.29086538461538464 0.040865384615384616 0.07451923076923077
111 0.6310096153846154 0.28846153846153844 0.038461538461538464 0.07451923076923077
113 0.6826923076923077 0.2860576923076923 0.04326923076923077 0.07692307692307693
10 0.734375 0.28725961538461536 0.04326923076923077 0.07692307692307693
9 0.5276442307692307 0.39903846153846156 0.038461538461538464 0.07211538461538461
35 0.5793269230769231 0.39903846153846156 0.040865384615384616 0.07211538461538461
53 0.6286057692307693 0.39663461538461536 0.04326923076923077 0.06971153846153846
72 0.6790865384615384 0.3954326923076923 0.040865384615384616 0.06971153846153846
85 0.7295673076923077 0.3942307692307692 0.040865384615384616 0.06971153846153846