20 0.5865384615384616 0.23677884615384615 0.06009615384615385 0.11298076923076923
11 0.5877403846153846 0.3545673076923077 0.0625 0.10576923076923077
16 0.6778846153846154 0.3485576923076923 0.0625 0.10817307692307693
113 0.5901442307692307 0.4699519230769231 0.06009615384615385 0.10576923076923077
10 0.6790865384615384 0.4639423076923077 0.06009615384615385 0.10336538461538461
110 0.5913461538461539 0.5817307692307693 0.0625 0.10576923076923077
111 0.6802884615384616 0.5793269230769231 0.06009615384615385 0.10576923076923077
85 0.59375 0.6947115384615384 0.06009615384615385 0.10817307692307693
99 0.6802884615384616 0.6875 0.06009615384615385 0.10817307692307693
176 0.59375 0.8064903846153846 0.057692307692307696 0.10576923076923077
72 0.6826923076923077 0.8004807692307693 0.06009615384615385 0.10576923076923077
9 0.5961538461538461 0.9194711538461539 0.057692307692307696 0.10576923076923077
35 0.6838942307692307 0.9110576923076923 0.06009615384615385 0.10817307692307693