243 0.5480769230769231 0.08533653846153846 0.11057692307692307 0.11778846153846154
111 0.5444711538461539 0.2247596153846154 0.10817307692307693 0.10817307692307693
110 0.5384615384615384 0.35336538461538464 0.10336538461538461 0.10336538461538461
99 0.5384615384615384 0.4699519230769231 0.10576923076923077 0.0985576923076923
85 0.5348557692307693 0.578125 0.10096153846153846 0.09375
119 0.3894230769230769 0.5997596153846154 0.10817307692307693 0.09615384615384616
156 0.3894230769230769 0.48677884615384615 0.11538461538461539 0.10576923076923077
35 0.38461538461538464 0.36538461538461536 0.11298076923076923 0.11057692307692307
53 0.38221153846153844 0.23076923076923078 0.12259615384615384 0.10817307692307693
275 0.3942307692307692 0.8161057692307693 0.09375 0.09615384615384616
264 0.5300480769230769 0.7872596153846154 0.08653846153846154 0.09615384615384616