264 0.4266826923076923 0.25 0.038461538461538464 0.06490384615384616
266 0.4855769230769231 0.24759615384615385 0.036057692307692304 0.0673076923076923
23 0.48677884615384615 0.36177884615384615 0.03365384615384615 0.0625
22 0.43028846153846156 0.3641826923076923 0.036057692307692304 0.0625
20 0.4891826923076923 0.4362980769230769 0.036057692307692304 0.0625
16 0.43149038461538464 0.43990384615384615 0.038461538461538464 0.06490384615384616
11 0.4891826923076923 0.5108173076923077 0.036057692307692304 0.06490384615384616
10 0.4326923076923077 0.5144230769230769 0.038461538461538464 0.06490384615384616
113 0.49158653846153844 0.5853365384615384 0.040865384615384616 0.06490384615384616
111 0.4338942307692308 0.5901442307692307 0.038461538461538464 0.0673076923076923
110 0.49278846153846156 0.6610576923076923 0.036057692307692304 0.06490384615384616
99 0.43509615384615385 0.6658653846153846 0.038461538461538464 0.0673076923076923
85 0.4951923076923077 0.7367788461538461 0.038461538461538464 0.0673076923076923
72 0.4362980769230769 0.7415865384615384 0.038461538461538464 0.0673076923076923
53 0.49399038461538464 0.8100961538461539 0.038461538461538464 0.06490384615384616
35 0.4387019230769231 0.8173076923076923 0.040865384615384616 0.07211538461538461
272 0.46875 0.9110576923076923 0.026442307692307692 0.04567307692307692
263 0.49158653846153844 0.06850961538461539 0.028846153846153848 0.04567307692307692