273 0.41346153846153844 0.3173076923076923 0.08173076923076923 0.055288461538461536
366 0.3894230769230769 0.4110576923076923 0.04567307692307692 0.03365384615384615
265 0.44350961538461536 0.4074519230769231 0.038461538461538464 0.03365384615384615
259 0.39302884615384615 0.46033653846153844 0.04326923076923077 0.036057692307692304
266 0.44350961538461536 0.45552884615384615 0.040865384615384616 0.03365384615384615
10 0.39302884615384615 0.5084134615384616 0.04326923076923077 0.036057692307692304
11 0.44471153846153844 0.5012019230769231 0.038461538461538464 0.03365384615384615
111 0.3954326923076923 0.5564903846153846 0.040865384615384616 0.036057692307692304
113 0.44591346153846156 0.546875 0.038461538461538464 0.036057692307692304
99 0.39663461538461536 0.6009615384615384 0.040865384615384616 0.036057692307692304
110 0.44711538461538464 0.5913461538461539 0.038461538461538464 0.03365384615384615
72 0.39783653846153844 0.6466346153846154 0.040865384615384616 0.036057692307692304
85 0.4495192307692308 0.6334134615384616 0.038461538461538464 0.036057692307692304
35 0.40024038461538464 0.6899038461538461 0.040865384615384616 0.03365384615384615
53 0.4495192307692308 0.6766826923076923 0.036057692307692304 0.03125
8 0.4026442307692308 0.7331730769230769 0.038461538461538464 0.03365384615384615
9 0.4519230769230769 0.71875 0.036057692307692304 0.03365384615384615
264 0.4026442307692308 0.7752403846153846 0.038461538461538464 0.03365384615384615
275 0.4519230769230769 0.7608173076923077 0.036057692307692304 0.03125
272 0.40625 0.8341346153846154 0.036057692307692304 0.028846153846153848
272 0.4543269230769231 0.8161057692307693 0.03365384615384615 0.028846153846153848
272 0.45552884615384615 0.8557692307692307 0.03365384615384615 0.028846153846153848
272 0.40865384615384615 0.8737980769230769 0.03365384615384615 0.028846153846153848