259 0.5348557692307693 0.15985576923076922 0.028846153846153848 0.052884615384615384
76 0.49759615384615385 0.265625 0.02403846153846154 0.036057692307692304
78 0.5216346153846154 0.265625 0.02403846153846154 0.036057692307692304
79 0.546875 0.265625 0.02403846153846154 0.036057692307692304
64 0.49759615384615385 0.31971153846153844 0.02403846153846154 0.036057692307692304
73 0.5216346153846154 0.31971153846153844 0.02403846153846154 0.036057692307692304
74 0.5456730769230769 0.31971153846153844 0.02403846153846154 0.036057692307692304
75 0.5709134615384616 0.31971153846153844 0.02403846153846154 0.036057692307692304
60 0.49759615384615385 0.37259615384615385 0.02403846153846154 0.036057692307692304
61 0.5216346153846154 0.37259615384615385 0.02403846153846154 0.036057692307692304
62 0.5456730769230769 0.37259615384615385 0.02403846153846154 0.036057692307692304
63 0.5697115384615384 0.37259615384615385 0.02403846153846154 0.036057692307692304
59 0.5697115384615384 0.4266826923076923 0.02403846153846154 0.036057692307692304
57 0.5444711538461539 0.4266826923076923 0.02403846153846154 0.036057692307692304
56 0.5216346153846154 0.4254807692307692 0.02403846153846154 0.036057692307692304
55 0.49759615384615385 0.4254807692307692 0.02403846153846154 0.036057692307692304
44 0.49759615384615385 0.47836538461538464 0.021634615384615384 0.03365384615384615
46 0.5216346153846154 0.47836538461538464 0.021634615384615384 0.03365384615384615
47 0.5444711538461539 0.47836538461538464 0.021634615384615384 0.03365384615384615
54 0.5685096153846154 0.47836538461538464 0.021634615384615384 0.03365384615384615
39 0.49759615384615385 0.5300480769230769 0.021634615384615384 0.03365384615384615
41 0.5216346153846154 0.5300480769230769 0.021634615384615384 0.03365384615384615
42 0.5444711538461539 0.5300480769230769 0.021634615384615384 0.03365384615384615
43 0.5685096153846154 0.5300480769230769 0.021634615384615384 0.03365384615384615
38 0.5685096153846154 0.5805288461538461 0.019230769230769232 0.03125
37 0.5444711538461539 0.5805288461538461 0.019230769230769232 0.03125
36 0.5216346153846154 0.5805288461538461 0.019230769230769232 0.03125
28 0.49759615384615385 0.5805288461538461 0.019230769230769232 0.03125
23 0.4987980769230769 0.6310096153846154 0.019230769230769232 0.03125
24 0.5216346153846154 0.6310096153846154 0.019230769230769232 0.03125
25 0.5444711538461539 0.6310096153846154 0.019230769230769232 0.03125
26 0.5685096153846154 0.6310096153846154 0.019230769230769232 0.03125
10 0.49759615384615385 0.6802884615384616 0.019230769230769232 0.03125
11 0.5216346153846154 0.6790865384615384 0.019230769230769232 0.03125
16 0.5444711538461539 0.6790865384615384 0.019230769230769232 0.03125
22 0.5673076923076923 0.6790865384615384 0.019230769230769232 0.03125
99 0.4987980769230769 0.7283653846153846 0.019230769230769232 0.03125
110 0.5216346153846154 0.7283653846153846 0.019230769230769232 0.03125
111 0.5432692307692307 0.7283653846153846 0.019230769230769232 0.03125
113 0.5661057692307693 0.7283653846153846 0.019230769230769232 0.03125
152 0.4987980769230769 0.7776442307692307 0.019230769230769232 0.03125
168 0.5216346153846154 0.7776442307692307 0.019230769230769232 0.03125
187 0.5444711538461539 0.7776442307692307 0.019230769230769232 0.03125
253 0.5673076923076923 0.7764423076923077 0.019230769230769232 0.03125
121 0.4987980769230769 0.8269230769230769 0.019230769230769232 0.028846153846153848
120 0.5216346153846154 0.8245192307692307 0.019230769230769232 0.03125
275 0.5108173076923077 0.9122596153846154 0.038461538461538464 0.040865384615384616
264 0.5552884615384616 0.9098557692307693 0.028846153846153848 0.040865384615384616
259 0.7908653846153846 0.15504807692307693 0.028846153846153848 0.052884615384615384
275 0.7824519230769231 0.9074519230769231 0.038461538461538464 0.040865384615384616
365 0.7728365384615384 0.2620192307692308 0.02403846153846154 0.036057692307692304
365 0.7992788461538461 0.2608173076923077 0.02403846153846154 0.036057692307692304
365 0.8233173076923077 0.2608173076923077 0.02403846153846154 0.036057692307692304
365 0.7704326923076923 0.31490384615384615 0.02403846153846154 0.036057692307692304
365 0.796875 0.31490384615384615 0.02403846153846154 0.036057692307692304
365 0.8197115384615384 0.31490384615384615 0.02403846153846154 0.036057692307692304
365 0.8197115384615384 0.36899038461538464 0.02403846153846154 0.036057692307692304
365 0.7944711538461539 0.3701923076923077 0.02403846153846154 0.036057692307692304
365 0.7704326923076923 0.3713942307692308 0.02403846153846154 0.036057692307692304
365 0.7668269230769231 0.4230769230769231 0.02403846153846154 0.036057692307692304
365 0.7920673076923077 0.4230769230769231 0.02403846153846154 0.036057692307692304
365 0.8149038461538461 0.4230769230769231 0.02403846153846154 0.036057692307692304
365 0.8149038461538461 0.47475961538461536 0.02403846153846154 0.036057692307692304
365 0.7896634615384616 0.47475961538461536 0.02403846153846154 0.036057692307692304
365 0.7644230769230769 0.47716346153846156 0.02403846153846154 0.036057692307692304
365 0.7632211538461539 0.5252403846153846 0.02403846153846154 0.03365384615384615
365 0.7884615384615384 0.5276442307692307 0.02403846153846154 0.03365384615384615
365 0.8112980769230769 0.5252403846153846 0.02403846153846154 0.03365384615384615
365 0.8088942307692307 0.5769230769230769 0.021634615384615384 0.03365384615384615
365 0.7848557692307693 0.5769230769230769 0.021634615384615384 0.03365384615384615
365 0.7596153846153846 0.5769230769230769 0.021634615384615384 0.03365384615384615
365 0.7584134615384616 0.6286057692307693 0.021634615384615384 0.03365384615384615
365 0.7824519230769231 0.6274038461538461 0.021634615384615384 0.036057692307692304
365 0.8064903846153846 0.6262019230769231 0.021634615384615384 0.03365384615384615
365 0.8040865384615384 0.6742788461538461 0.021634615384615384 0.036057692307692304
365 0.7800480769230769 0.6754807692307693 0.021634615384615384 0.03365384615384615
365 0.7572115384615384 0.6766826923076923 0.021634615384615384 0.036057692307692304
365 0.7548076923076923 0.7259615384615384 0.021634615384615384 0.036057692307692304
365 0.7800480769230769 0.7235576923076923 0.021634615384615384 0.036057692307692304
365 0.8028846153846154 0.7247596153846154 0.021634615384615384 0.036057692307692304
365 0.8004807692307693 0.7728365384615384 0.021634615384615384 0.036057692307692304
365 0.7776442307692307 0.7740384615384616 0.021634615384615384 0.036057692307692304
365 0.7536057692307693 0.7740384615384616 0.021634615384615384 0.036057692307692304
365 0.7752403846153846 0.8233173076923077 0.021634615384615384 0.036057692307692304
365 0.8004807692307693 0.8197115384615384 0.021634615384615384 0.036057692307692304