110 0.36778846153846156 0.19471153846153846 0.09615384615384616 0.12980769230769232
111 0.5985576923076923 0.20673076923076922 0.09615384615384616 0.12980769230769232
99 0.5949519230769231 0.3485576923076923 0.09615384615384616 0.12980769230769232
85 0.3641826923076923 0.3401442307692308 0.09615384615384616 0.12980769230769232
53 0.3629807692307692 0.47716346153846156 0.09375 0.12980769230769232
72 0.5901442307692307 0.49038461538461536 0.09615384615384616 0.12980769230769232
35 0.5889423076923077 0.6286057692307693 0.09615384615384616 0.125
277 0.3629807692307692 0.6189903846153846 0.09375 0.125
275 0.3605769230769231 0.7560096153846154 0.09615384615384616 0.11778846153846154
264 0.5841346153846154 0.7620192307692307 0.09134615384615384 0.125
259 0.36177884615384615 0.8858173076923077 0.09134615384615384 0.125
266 0.48197115384615385 0.19951923076923078 0.07932692307692307 0.10817307692307693
266 0.4807692307692308 0.3425480769230769 0.07932692307692307 0.11057692307692307
266 0.47596153846153844 0.4831730769230769 0.07932692307692307 0.10817307692307693
266 0.4735576923076923 0.6213942307692307 0.07932692307692307 0.11057692307692307
335 0.4723557692307692 0.7584134615384616 0.07451923076923077 0.10336538461538461
320 0.46875 0.8918269230769231 0.07451923076923077 0.10096153846153846
333 0.6947115384615384 0.7620192307692307 0.07451923076923077 0.10096153846153846
266 0.6971153846153846 0.6274038461538461 0.07451923076923077 0.10096153846153846
266 0.7019230769230769 0.49158653846153844 0.07451923076923077 0.10096153846153846
266 0.7055288461538461 0.35096153846153844 0.07692307692307693 0.10096153846153846
266 0.7079326923076923 0.21153846153846154 0.07692307692307693 0.10096153846153846
272 0.5444711538461539 0.056490384615384616 0.07451923076923077 0.10096153846153846
272 0.6862980769230769 0.890625 0.06971153846153846 0.09134615384615384