259 0.43028846153846156 0.4795673076923077 0.052884615384615384 0.04326923076923077
206 0.515625 0.5252403846153846 0.036057692307692304 0.028846153846153848
202 0.515625 0.5733173076923077 0.036057692307692304 0.028846153846153848
195 0.43149038461538464 0.5757211538461539 0.036057692307692304 0.028846153846153848
177 0.43149038461538464 0.625 0.036057692307692304 0.028846153846153848
253 0.515625 0.6201923076923077 0.036057692307692304 0.028846153846153848
265 0.4326923076923077 0.6983173076923077 0.036057692307692304 0.028846153846153848
265 0.515625 0.6899038461538461 0.036057692307692304 0.03125
265 0.515625 0.7367788461538461 0.036057692307692304 0.03125
265 0.43149038461538464 0.7463942307692307 0.036057692307692304 0.03125
275 0.43149038461538464 0.7944711538461539 0.036057692307692304 0.028846153846153848
264 0.515625 0.7836538461538461 0.036057692307692304 0.028846153846153848
272 0.43149038461538464 0.8401442307692307 0.052884615384615384 0.04326923076923077
272 0.515625 0.8305288461538461 0.05048076923076923 0.040865384615384616
272 0.43509615384615385 0.8858173076923077 0.052884615384615384 0.04326923076923077
272 0.5144230769230769 0.875 0.052884615384615384 0.04326923076923077