46 0.3629807692307692 0.5961538461538461 0.03365384615384615 0.026442307692307692
47 0.42427884615384615 0.5913461538461539 0.03125 0.026442307692307692
41 0.3629807692307692 0.640625 0.03365384615384615 0.028846153846153848
42 0.4266826923076923 0.6370192307692307 0.03365384615384615 0.026442307692307692
43 0.4855769230769231 0.6310096153846154 0.03365384615384615 0.026442307692307692
44 0.5432692307692307 0.6274038461538461 0.03365384615384615 0.026442307692307692
36 0.3641826923076923 0.6850961538461539 0.03365384615384615 0.026442307692307692
37 0.4266826923076923 0.6802884615384616 0.03365384615384615 0.026442307692307692
38 0.4855769230769231 0.6742788461538461 0.03365384615384615 0.026442307692307692
39 0.5420673076923077 0.6694711538461539 0.03365384615384615 0.026442307692307692
24 0.36538461538461536 0.734375 0.036057692307692304 0.03125
16 0.36658653846153844 0.7800480769230769 0.036057692307692304 0.03125
111 0.36658653846153844 0.8257211538461539 0.036057692307692304 0.03125
72 0.36899038461538464 0.8713942307692307 0.036057692307692304 0.03125
25 0.42788461538461536 0.7283653846153846 0.036057692307692304 0.03125
20 0.42908653846153844 0.7716346153846154 0.036057692307692304 0.03125
113 0.42908653846153844 0.8173076923076923 0.036057692307692304 0.03125
85 0.43028846153846156 0.8617788461538461 0.036057692307692304 0.03125
26 0.48677884615384615 0.7199519230769231 0.03365384615384615 0.028846153846153848
22 0.48677884615384615 0.765625 0.03365384615384615 0.028846153846153848
10 0.4879807692307692 0.8100961538461539 0.036057692307692304 0.03125
260 0.49038461538461536 0.8533653846153846 0.038461538461538464 0.03125
28 0.5444711538461539 0.7163461538461539 0.036057692307692304 0.03125
23 0.5444711538461539 0.7584134615384616 0.03365384615384615 0.028846153846153848
260 0.5480769230769231 0.8016826923076923 0.03365384615384615 0.028846153846153848
110 0.5480769230769231 0.8461538461538461 0.03365384615384615 0.028846153846153848
53 0.5480769230769231 0.8882211538461539 0.03365384615384615 0.028846153846153848
9 0.43028846153846156 0.90625 0.036057692307692304 0.028846153846153848
35 0.49158653846153844 0.8966346153846154 0.036057692307692304 0.028846153846153848
152 0.3713942307692308 0.9146634615384616 0.036057692307692304 0.028846153846153848
264 0.37259615384615385 0.9603365384615384 0.036057692307692304 0.028846153846153848
275 0.4326923076923077 0.9507211538461539 0.036057692307692304 0.028846153846153848
259 0.5492788461538461 0.9314903846153846 0.036057692307692304 0.03125