72 0.40024038461538464 0.15264423076923078 0.06971153846153846 0.11538461538461539
187 0.5649038461538461 0.1502403846153846 0.06971153846153846 0.11778846153846154
71 0.5649038461538461 0.28125 0.06490384615384616 0.11057692307692307
69 0.40625 0.2824519230769231 0.06490384615384616 0.11057692307692307
278 0.4098557692307692 0.4026442307692308 0.0673076923076923 0.10817307692307693
9 0.5588942307692307 0.5108173076923077 0.06009615384615385 0.0985576923076923
264 0.5576923076923077 0.6141826923076923 0.06009615384615385 0.09615384615384616
264 0.5564903846153846 0.7091346153846154 0.055288461538461536 0.08413461538461539
275 0.41947115384615385 0.7127403846153846 0.057692307692307696 0.08413461538461539
275 0.4170673076923077 0.6165865384615384 0.057692307692307696 0.08413461538461539
139 0.42427884615384615 0.8004807692307693 0.055288461538461536 0.07932692307692307
140 0.5552884615384616 0.7992788461538461 0.055288461538461536 0.07932692307692307
259 0.4266826923076923 0.8846153846153846 0.055288461538461536 0.07932692307692307
266 0.4807692307692308 0.15264423076923078 0.0673076923076923 0.11057692307692307
266 0.484375 0.2824519230769231 0.0625 0.10336538461538461
266 0.48677884615384615 0.4014423076923077 0.057692307692307696 0.10336538461538461
266 0.4879807692307692 0.6153846153846154 0.052884615384615384 0.08653846153846154
266 0.4891826923076923 0.7103365384615384 0.052884615384615384 0.08413461538461539
266 0.49038461538461536 0.8004807692307693 0.05048076923076923 0.07451923076923077
266 0.49038461538461536 0.8846153846153846 0.05048076923076923 0.07451923076923077
266 0.6189903846153846 0.8004807692307693 0.05048076923076923 0.07451923076923077
266 0.6237980769230769 0.7103365384615384 0.05048076923076923 0.07451923076923077
266 0.6274038461538461 0.6117788461538461 0.05048076923076923 0.07451923076923077
266 0.6322115384615384 0.5096153846153846 0.05048076923076923 0.08653846153846154
266 0.6430288461538461 0.2800480769230769 0.057692307692307696 0.10096153846153846
266 0.6466346153846154 0.14903846153846154 0.06009615384615385 0.11057692307692307