273 0.49038461538461536 0.234375 0.1201923076923077 0.16105769230769232
263 0.5012019230769231 0.5132211538461539 0.040865384615384616 0.028846153846153848
113 0.5420673076923077 0.5721153846153846 0.04326923076923077 0.03365384615384615
111 0.5444711538461539 0.6057692307692307 0.040865384615384616 0.03365384615384615
110 0.5456730769230769 0.6394230769230769 0.04326923076923077 0.03125
99 0.546875 0.6730769230769231 0.038461538461538464 0.03125
85 0.5480769230769231 0.7067307692307693 0.038461538461538464 0.03365384615384615
72 0.5504807692307693 0.7415865384615384 0.040865384615384616 0.03365384615384615
53 0.5528846153846154 0.7752403846153846 0.040865384615384616 0.03365384615384615
35 0.5528846153846154 0.8088942307692307 0.04326923076923077 0.03365384615384615
9 0.5552884615384616 0.8425480769230769 0.04326923076923077 0.03365384615384615
121 0.4723557692307692 0.7463942307692307 0.040865384615384616 0.03365384615384615
122 0.47475961538461536 0.7800480769230769 0.04326923076923077 0.03365384615384615
123 0.47596153846153844 0.8161057692307693 0.04326923076923077 0.03365384615384615
124 0.47716346153846156 0.8497596153846154 0.04326923076923077 0.03365384615384615
125 0.4795673076923077 0.8834134615384616 0.04326923076923077 0.038461538461538464
266 0.4699519230769231 0.7127403846153846 0.040865384615384616 0.036057692307692304
275 0.48197115384615385 0.9471153846153846 0.040865384615384616 0.038461538461538464
264 0.5600961538461539 0.9362980769230769 0.04326923076923077 0.036057692307692304