275 0.4495192307692308 0.16947115384615385 0.038461538461538464 0.07211538461538461
264 0.5216346153846154 0.16466346153846154 0.038461538461538464 0.07211538461538461
11 0.4567307692307692 0.39302884615384615 0.038461538461538464 0.07211538461538461
16 0.5264423076923077 0.38822115384615385 0.038461538461538464 0.07211538461538461
113 0.4567307692307692 0.4639423076923077 0.038461538461538464 0.0673076923076923
10 0.5276442307692307 0.46274038461538464 0.038461538461538464 0.0673076923076923
110 0.45913461538461536 0.5324519230769231 0.038461538461538464 0.0673076923076923
111 0.5288461538461539 0.53125 0.038461538461538464 0.0673076923076923
85 0.46153846153846156 0.6009615384615384 0.036057692307692304 0.06490384615384616
99 0.5300480769230769 0.5997596153846154 0.036057692307692304 0.06490384615384616
53 0.4639423076923077 0.6694711538461539 0.036057692307692304 0.06490384615384616
72 0.53125 0.6706730769230769 0.036057692307692304 0.06490384615384616
9 0.4651442307692308 0.7355769230769231 0.036057692307692304 0.06490384615384616
35 0.5324519230769231 0.7367788461538461 0.036057692307692304 0.06490384615384616
272 0.5036057692307693 0.9050480769230769 0.028846153846153848 0.04567307692307692