43 0.23197115384615385 0.10817307692307693 0.08653846153846154 0.08653846153846154
43 0.3233173076923077 0.10817307692307693 0.08653846153846154 0.09134615384615384
39 0.23557692307692307 0.21514423076923078 0.08653846153846154 0.08653846153846154
39 0.32572115384615385 0.21514423076923078 0.08653846153846154 0.08653846153846154
36 0.23557692307692307 0.31850961538461536 0.08653846153846154 0.08653846153846154
36 0.3317307692307692 0.31850961538461536 0.0889423076923077 0.08653846153846154
25 0.24158653846153846 0.4206730769230769 0.0889423076923077 0.0889423076923077
25 0.3317307692307692 0.4206730769230769 0.0889423076923077 0.0889423076923077
22 0.24519230769230768 0.5228365384615384 0.08653846153846154 0.08413461538461539
22 0.33653846153846156 0.5228365384615384 0.08413461538461539 0.08413461538461539
10 0.24639423076923078 0.6213942307692307 0.08173076923076923 0.08173076923076923
10 0.33774038461538464 0.6213942307692307 0.08413461538461539 0.08653846153846154
110 0.2512019230769231 0.7175480769230769 0.08173076923076923 0.08173076923076923
110 0.33653846153846156 0.7175480769230769 0.08173076923076923 0.08173076923076923
72 0.2536057692307692 0.8161057692307693 0.08173076923076923 0.08173076923076923
72 0.34134615384615385 0.8137019230769231 0.08173076923076923 0.08173076923076923
281 0.2536057692307692 0.9074519230769231 0.08173076923076923 0.08173076923076923
152 0.3449519230769231 0.9074519230769231 0.10576923076923077 0.10576923076923077
44 0.43990384615384615 0.10817307692307693 0.0889423076923077 0.08653846153846154
44 0.5336538461538461 0.10576923076923077 0.0889423076923077 0.0889423076923077
41 0.44350961538461536 0.2127403846153846 0.08653846153846154 0.0889423076923077
41 0.5360576923076923 0.2127403846153846 0.0889423076923077 0.0889423076923077
37 0.44350961538461536 0.31850961538461536 0.08653846153846154 0.08653846153846154
37 0.5336538461538461 0.31850961538461536 0.0889423076923077 0.08653846153846154
26 0.44350961538461536 0.4230769230769231 0.08653846153846154 0.0889423076923077
26 0.5372596153846154 0.4230769230769231 0.08653846153846154 0.0889423076923077
23 0.4483173076923077 0.5228365384615384 0.0889423076923077 0.08653846153846154
23 0.5360576923076923 0.5228365384615384 0.0889423076923077 0.08653846153846154
11 0.4483173076923077 0.6213942307692307 0.08413461538461539 0.08413461538461539
11 0.5360576923076923 0.6213942307692307 0.08413461538461539 0.08413461538461539
111 0.4495192307692308 0.71875 0.08173076923076923 0.07932692307692307
111 0.5372596153846154 0.71875 0.08653846153846154 0.08413461538461539
85 0.45072115384615385 0.8149038461538461 0.08173076923076923 0.07932692307692307
85 0.5372596153846154 0.8149038461538461 0.08173076923076923 0.07932692307692307
35 0.4483173076923077 0.9098557692307693 0.07211538461538461 0.07692307692307693
35 0.5396634615384616 0.9074519230769231 0.10817307692307693 0.11057692307692307
46 0.6502403846153846 0.10576923076923077 0.0889423076923077 0.0889423076923077
46 0.7439903846153846 0.1045673076923077 0.0889423076923077 0.0889423076923077
42 0.6514423076923077 0.21033653846153846 0.0889423076923077 0.0889423076923077
42 0.7439903846153846 0.2127403846153846 0.0889423076923077 0.0889423076923077
38 0.6514423076923077 0.3161057692307692 0.0889423076923077 0.0889423076923077
38 0.7415865384615384 0.3161057692307692 0.0889423076923077 0.0889423076923077
28 0.6502403846153846 0.4182692307692308 0.0889423076923077 0.0889423076923077
28 0.7415865384615384 0.4206730769230769 0.0889423076923077 0.0889423076923077
24 0.6502403846153846 0.5204326923076923 0.0889423076923077 0.0889423076923077
24 0.7403846153846154 0.5228365384615384 0.0889423076923077 0.08653846153846154
16 0.6490384615384616 0.6225961538461539 0.09134615384615384 0.08413461538461539
16 0.7391826923076923 0.6225961538461539 0.09134615384615384 0.08413461538461539
113 0.6490384615384616 0.71875 0.08653846153846154 0.08413461538461539
113 0.734375 0.7211538461538461 0.08653846153846154 0.08413461538461539
99 0.6466346153846154 0.8149038461538461 0.08653846153846154 0.08413461538461539
260 0.7367788461538461 0.8161057692307693 0.08653846153846154 0.08413461538461539
53 0.6454326923076923 0.9086538461538461 0.08653846153846154 0.08413461538461539
53 0.7331730769230769 0.9038461538461539 0.10817307692307693 0.10576923076923077
272 0.13581730769230768 0.2620192307692308 0.06490384615384616 0.07211538461538461