110 0.42788461538461536 0.41586538461538464 0.12980769230769232 0.040865384615384616
111 0.5528846153846154 0.4170673076923077 0.1346153846153846 0.04326923076923077
99 0.5516826923076923 0.4567307692307692 0.1346153846153846 0.04567307692307692
72 0.5540865384615384 0.4963942307692308 0.13221153846153846 0.04326923076923077
35 0.5552884615384616 0.5348557692307693 0.12740384615384615 0.038461538461538464
152 0.5552884615384616 0.5721153846153846 0.12740384615384615 0.038461538461538464
177 0.4362980769230769 0.5709134615384616 0.12259615384615384 0.04807692307692308
9 0.4326923076923077 0.5324519230769231 0.1201923076923077 0.04326923076923077
53 0.42908653846153844 0.4951923076923077 0.12740384615384615 0.04567307692307692
85 0.42427884615384615 0.4543269230769231 0.125 0.04567307692307692
259 0.4423076923076923 0.6322115384615384 0.11538461538461539 0.04326923076923077
275 0.4423076923076923 0.6670673076923077 0.10817307692307693 0.040865384615384616
264 0.5516826923076923 0.6658653846153846 0.11057692307692307 0.040865384615384616