259 0.4735576923076923 0.11057692307692307 0.07451923076923077 0.07211538461538461
37 0.41225961538461536 0.20432692307692307 0.07932692307692307 0.06490384615384616
38 0.5348557692307693 0.203125 0.06971153846153846 0.0625
28 0.41586538461538464 0.27524038461538464 0.07451923076923077 0.06009615384615385
36 0.5372596153846154 0.27163461538461536 0.06971153846153846 0.057692307692307696
25 0.41947115384615385 0.3449519230769231 0.06971153846153846 0.055288461538461536
26 0.5372596153846154 0.33653846153846156 0.06490384615384616 0.055288461538461536
23 0.421875 0.40865384615384615 0.07211538461538461 0.057692307692307696
24 0.5348557692307693 0.39783653846153844 0.06490384615384616 0.052884615384615384
20 0.42427884615384615 0.4675480769230769 0.06490384615384616 0.05048076923076923
22 0.5348557692307693 0.4567307692307692 0.0625 0.052884615384615384
11 0.4254807692307692 0.5252403846153846 0.0625 0.05048076923076923
16 0.5348557692307693 0.5108173076923077 0.057692307692307696 0.04807692307692308
113 0.43028846153846156 0.5817307692307693 0.06490384615384616 0.05048076923076923
10 0.5348557692307693 0.5649038461538461 0.06009615384615385 0.05048076923076923
110 0.43028846153846156 0.6358173076923077 0.06009615384615385 0.05048076923076923
111 0.5336538461538461 0.6141826923076923 0.057692307692307696 0.04807692307692308
85 0.4326923076923077 0.6850961538461539 0.06009615384615385 0.05048076923076923
99 0.5324519230769231 0.6622596153846154 0.055288461538461536 0.04807692307692308
53 0.4338942307692308 0.734375 0.06009615384615385 0.04567307692307692
72 0.5336538461538461 0.7103365384615384 0.06009615384615385 0.04326923076923077
9 0.4362980769230769 0.7824519230769231 0.06009615384615385 0.04326923076923077
35 0.5348557692307693 0.7548076923076923 0.06009615384615385 0.04567307692307692
152 0.5336538461538461 0.7980769230769231 0.052884615384615384 0.04326923076923077
275 0.4387019230769231 0.9146634615384616 0.07451923076923077 0.052884615384615384
264 0.5348557692307693 0.8834134615384616 0.05048076923076923 0.040865384615384616