9 0.34134615384615385 0.4735576923076923 0.0673076923076923 0.055288461538461536
35 0.4567307692307692 0.47475961538461536 0.0673076923076923 0.055288461538461536
53 0.5793269230769231 0.4807692307692308 0.06490384615384616 0.052884615384615384
72 0.3449519230769231 0.5336538461538461 0.06490384615384616 0.04807692307692308
85 0.46033653846153844 0.5384615384615384 0.0673076923076923 0.05048076923076923
99 0.578125 0.5420673076923077 0.0673076923076923 0.05048076923076923
110 0.3485576923076923 0.5913461538461539 0.06490384615384616 0.04807692307692308
111 0.46153846153846156 0.5949519230769231 0.06009615384615385 0.04807692307692308
113 0.5757211538461539 0.6009615384615384 0.0625 0.04807692307692308
152 0.35216346153846156 0.6454326923076923 0.06009615384615385 0.04567307692307692
259 0.3545673076923077 0.7019230769230769 0.06009615384615385 0.04567307692307692
8 0.46153846153846156 0.6514423076923077 0.06009615384615385 0.04567307692307692
146 0.5745192307692307 0.6550480769230769 0.06009615384615385 0.04567307692307692
132 0.5709134615384616 0.7115384615384616 0.06009615384615385 0.04567307692307692
275 0.46274038461538464 0.7055288461538461 0.06009615384615385 0.04567307692307692