291 0.49158653846153844 0.21033653846153846 0.04326923076923077 0.055288461538461536
272 0.5552884615384616 0.21033653846153846 0.04326923076923077 0.055288461538461536
365 0.6189903846153846 0.21033653846153846 0.04326923076923077 0.055288461538461536
272 0.4891826923076923 0.3076923076923077 0.04326923076923077 0.05048076923076923
272 0.5528846153846154 0.3088942307692308 0.04326923076923077 0.05048076923076923
272 0.6165865384615384 0.3112980769230769 0.04326923076923077 0.05048076923076923
266 0.5745192307692307 0.47596153846153844 0.04326923076923077 0.05048076923076923
266 0.5721153846153846 0.5420673076923077 0.04326923076923077 0.05048076923076923
266 0.5180288461538461 0.6057692307692307 0.04567307692307692 0.055288461538461536
266 0.6225961538461539 0.6057692307692307 0.04567307692307692 0.055288461538461536
266 0.5180288461538461 0.6682692307692307 0.04567307692307692 0.055288461538461536
266 0.5685096153846154 0.7319711538461539 0.04567307692307692 0.055288461538461536
272 0.6189903846153846 0.671875 0.04326923076923077 0.05048076923076923
35 0.5264423076923077 0.47596153846153844 0.04326923076923077 0.05048076923076923
277 0.5240384615384616 0.5384615384615384 0.04326923076923077 0.05048076923076923
275 0.4723557692307692 0.6021634615384616 0.04326923076923077 0.05048076923076923
264 0.5745192307692307 0.6057692307692307 0.04326923076923077 0.05048076923076923
259 0.47115384615384615 0.6658653846153846 0.04326923076923077 0.05048076923076923
289 0.5745192307692307 0.6706730769230769 0.04326923076923077 0.05048076923076923
263 0.5204326923076923 0.7319711538461539 0.04326923076923077 0.05048076923076923