290 0.4807692307692308 0.03485576923076923 0.057692307692307696 0.06971153846153846
259 0.5516826923076923 0.03245192307692308 0.057692307692307696 0.0625
53 0.4795673076923077 0.2980769230769231 0.055288461538461536 0.08653846153846154
110 0.5492788461538461 0.2980769230769231 0.055288461538461536 0.08653846153846154
35 0.4795673076923077 0.39663461538461536 0.055288461538461536 0.08653846153846154
99 0.5516826923076923 0.3954326923076923 0.055288461538461536 0.08653846153846154
9 0.48197115384615385 0.4951923076923077 0.055288461538461536 0.08653846153846154
85 0.5516826923076923 0.4987980769230769 0.055288461538461536 0.08653846153846154
152 0.48197115384615385 0.5949519230769231 0.055288461538461536 0.08653846153846154
72 0.5528846153846154 0.5985576923076923 0.055288461538461536 0.08653846153846154
275 0.48197115384615385 0.7668269230769231 0.055288461538461536 0.08653846153846154
264 0.5516826923076923 0.7692307692307693 0.055288461538461536 0.08653846153846154