275 0.5637019230769231 0.13341346153846154 0.17548076923076922 0.15144230769230768
259 0.5588942307692307 0.26322115384615385 0.1658653846153846 0.13942307692307693
99 0.5228365384615384 0.38822115384615385 0.08653846153846154 0.13701923076923078
110 0.6033653846153846 0.3870192307692308 0.0889423076923077 0.13701923076923078
72 0.5228365384615384 0.5192307692307693 0.08653846153846154 0.1346153846153846
85 0.6033653846153846 0.5120192307692307 0.08173076923076923 0.12740384615384615
35 0.5240384615384616 0.6442307692307693 0.08653846153846154 0.13221153846153846
53 0.6009615384615384 0.6298076923076923 0.08173076923076923 0.12259615384615384
8 0.5252403846153846 0.7620192307692307 0.08413461538461539 0.12259615384615384
9 0.6009615384615384 0.7451923076923077 0.08413461538461539 0.12259615384615384
1 0.5600961538461539 0.8701923076923077 0.15625 0.14903846153846154