272 0.5096153846153846 0.06971153846153846 0.0985576923076923 0.09375
272 0.6430288461538461 0.07572115384615384 0.09375 0.09375
272 0.7752403846153846 0.08653846153846154 0.09615384615384616 0.0985576923076923
35 0.5817307692307693 0.38100961538461536 0.09134615384615384 0.0889423076923077
277 0.5769230769230769 0.5 0.09375 0.10096153846153846
275 0.46875 0.6153846153846154 0.0985576923076923 0.09615384615384616
264 0.6814903846153846 0.6274038461538461 0.10096153846153846 0.09615384615384616
259 0.4651442307692308 0.7367788461538461 0.10096153846153846 0.0985576923076923
289 0.6778846153846154 0.7439903846153846 0.09134615384615384 0.09375
263 0.5661057692307693 0.8569711538461539 0.09375 0.09615384615384616
266 0.6826923076923077 0.3870192307692308 0.10336538461538461 0.10336538461538461
266 0.6802884615384616 0.5012019230769231 0.10576923076923077 0.11057692307692307
266 0.7776442307692307 0.625 0.10096153846153846 0.11298076923076923
266 0.5637019230769231 0.6129807692307693 0.10576923076923077 0.10576923076923077
266 0.5588942307692307 0.7403846153846154 0.0985576923076923 0.10576923076923077
266 0.6610576923076923 0.8605769230769231 0.09615384615384616 0.10576923076923077
272 0.7716346153846154 0.7463942307692307 0.09375 0.10096153846153846