259 0.46634615384615385 0.44711538461538464 0.04326923076923077 0.038461538461538464
259 0.7007211538461539 0.45552884615384615 0.036057692307692304 0.036057692307692304
275 0.4411057692307692 0.5360576923076923 0.04326923076923077 0.038461538461538464
264 0.4879807692307692 0.5348557692307693 0.04326923076923077 0.038461538461538464
111 0.41466346153846156 0.6141826923076923 0.04326923076923077 0.038461538461538464
25 0.4651442307692308 0.6117788461538461 0.04326923076923077 0.038461538461538464
42 0.5144230769230769 0.6081730769230769 0.04326923076923077 0.038461538461538464
110 0.41466346153846156 0.6526442307692307 0.04326923076923077 0.038461538461538464
24 0.46274038461538464 0.6502403846153846 0.04326923076923077 0.038461538461538464
41 0.5144230769230769 0.6478365384615384 0.04326923076923077 0.038461538461538464
99 0.41466346153846156 0.6911057692307693 0.04326923076923077 0.038461538461538464
23 0.4651442307692308 0.6887019230769231 0.04326923076923077 0.038461538461538464
39 0.5132211538461539 0.6850961538461539 0.04326923076923077 0.038461538461538464
85 0.41586538461538464 0.7307692307692307 0.04326923076923077 0.038461538461538464
22 0.4639423076923077 0.7259615384615384 0.04326923076923077 0.036057692307692304
38 0.5120192307692307 0.7223557692307693 0.04326923076923077 0.036057692307692304
37 0.5132211538461539 0.7596153846153846 0.04326923076923077 0.036057692307692304
20 0.46634615384615385 0.7632211538461539 0.04326923076923077 0.036057692307692304
72 0.41586538461538464 0.7680288461538461 0.04326923076923077 0.036057692307692304
53 0.41466346153846156 0.8076923076923077 0.04326923076923077 0.036057692307692304
16 0.46634615384615385 0.8004807692307693 0.04326923076923077 0.036057692307692304
36 0.5120192307692307 0.796875 0.04326923076923077 0.036057692307692304
28 0.5144230769230769 0.8329326923076923 0.04326923076923077 0.036057692307692304
26 0.5144230769230769 0.8677884615384616 0.04326923076923077 0.036057692307692304
10 0.4651442307692308 0.8774038461538461 0.04326923076923077 0.036057692307692304
11 0.4651442307692308 0.8401442307692307 0.04326923076923077 0.036057692307692304
35 0.41466346153846156 0.8461538461538461 0.04326923076923077 0.036057692307692304
9 0.41466346153846156 0.8822115384615384 0.04326923076923077 0.036057692307692304
152 0.41586538461538464 0.9206730769230769 0.04326923076923077 0.036057692307692304
113 0.46274038461538464 0.9122596153846154 0.04326923076923077 0.036057692307692304
264 0.6802884615384616 0.5336538461538461 0.040865384615384616 0.03365384615384615
275 0.7223557692307693 0.5324519230769231 0.04326923076923077 0.03365384615384615
365 0.6598557692307693 0.6033653846153846 0.036057692307692304 0.03125
365 0.6983173076923077 0.6009615384615384 0.036057692307692304 0.03125
111 0.7391826923076923 0.5997596153846154 0.036057692307692304 0.028846153846153848
365 0.6586538461538461 0.6382211538461539 0.036057692307692304 0.03125
365 0.6586538461538461 0.6742788461538461 0.036057692307692304 0.03125
365 0.6586538461538461 0.7091346153846154 0.036057692307692304 0.03125
365 0.6574519230769231 0.7451923076923077 0.036057692307692304 0.03125
365 0.6574519230769231 0.7800480769230769 0.036057692307692304 0.028846153846153848
365 0.65625 0.8137019230769231 0.036057692307692304 0.028846153846153848
365 0.6550480769230769 0.8461538461538461 0.036057692307692304 0.03125
365 0.6947115384615384 0.8737980769230769 0.03365384615384615 0.028846153846153848
365 0.6983173076923077 0.6358173076923077 0.036057692307692304 0.03125
365 0.6983173076923077 0.6706730769230769 0.036057692307692304 0.028846153846153848
365 0.6983173076923077 0.7055288461538461 0.036057692307692304 0.03125
365 0.6971153846153846 0.7403846153846154 0.036057692307692304 0.03125
365 0.6971153846153846 0.7740384615384616 0.036057692307692304 0.03125
365 0.6959134615384616 0.8064903846153846 0.036057692307692304 0.03125
365 0.6947115384615384 0.8425480769230769 0.036057692307692304 0.028846153846153848
365 0.7319711538461539 0.8353365384615384 0.036057692307692304 0.03125
365 0.734375 0.8028846153846154 0.036057692307692304 0.03125
365 0.734375 0.8677884615384616 0.036057692307692304 0.03125
365 0.7367788461538461 0.7692307692307693 0.036057692307692304 0.03125
365 0.7391826923076923 0.6694711538461539 0.036057692307692304 0.03125
365 0.7391826923076923 0.703125 0.036057692307692304 0.03125
365 0.7379807692307693 0.7367788461538461 0.036057692307692304 0.03125
365 0.7403846153846154 0.6358173076923077 0.036057692307692304 0.03125
273 0.4699519230769231 0.1935096153846154 0.12980769230769232 0.2668269230769231
273 0.6959134615384616 0.22596153846153846 0.11057692307692307 0.24278846153846154