39 0.328125 0.11538461538461539 0.20432692307692307 0.07932692307692307
37 0.32211538461538464 0.19110576923076922 0.20673076923076922 0.07692307692307693
28 0.3269230769230769 0.2620192307692308 0.1971153846153846 0.07692307692307693
25 0.328125 0.3329326923076923 0.19951923076923078 0.07692307692307693
23 0.3269230769230769 0.40024038461538464 0.19471153846153846 0.07692307692307693
20 0.3269230769230769 0.4651442307692308 0.18990384615384615 0.06971153846153846
113 0.328125 0.5913461538461539 0.19230769230769232 0.06971153846153846
11 0.3269230769230769 0.5276442307692307 0.18509615384615385 0.07211538461538461
110 0.3293269230769231 0.6466346153846154 0.18509615384615385 0.06971153846153846
85 0.3293269230769231 0.7055288461538461 0.18028846153846154 0.0673076923076923
35 0.32572115384615385 0.7620192307692307 0.1778846153846154 0.06490384615384616
152 0.3293269230769231 0.8161057692307693 0.17548076923076922 0.0673076923076923
9 0.5012019230769231 0.8100961538461539 0.16346153846153846 0.06971153846153846
53 0.5 0.7596153846153846 0.16346153846153846 0.07451923076923077
99 0.5024038461538461 0.7055288461538461 0.17307692307692307 0.07211538461538461
111 0.5048076923076923 0.6466346153846154 0.16826923076923078 0.0673076923076923
10 0.5084134615384616 0.5853365384615384 0.1778846153846154 0.06971153846153846
16 0.5084134615384616 0.5276442307692307 0.18028846153846154 0.07451923076923077
22 0.5096153846153846 0.4651442307692308 0.18028846153846154 0.07692307692307693
24 0.515625 0.39783653846153844 0.1875 0.07451923076923077
26 0.515625 0.33052884615384615 0.1875 0.07692307692307693
36 0.5180288461538461 0.26322115384615385 0.19471153846153846 0.08173076923076923
38 0.5180288461538461 0.19471153846153846 0.20192307692307693 0.06971153846153846
41 0.5228365384615384 0.11778846153846154 0.1971153846153846 0.07692307692307693
275 0.3317307692307692 0.9146634615384616 0.1658653846153846 0.0673076923076923
264 0.4963942307692308 0.9098557692307693 0.16826923076923078 0.06971153846153846