265 0.2692307692307692 0.15625 0.16346153846153846 0.11538461538461539
266 0.46634615384615385 0.17427884615384615 0.1778846153846154 0.12259615384615384
366 0.6947115384615384 0.1935096153846154 0.2091346153846154 0.12980769230769232
266 0.6778846153846154 0.32572115384615385 0.1875 0.11298076923076923
288 0.4675480769230769 0.2980769230769231 0.16346153846153846 0.11057692307692307
259 0.2848557692307692 0.27283653846153844 0.14903846153846154 0.10576923076923077
113 0.30288461538461536 0.4206730769230769 0.1346153846153846 0.0889423076923077
11 0.46875 0.45072115384615385 0.1466346153846154 0.10096153846153846
20 0.6586538461538461 0.4807692307692308 0.16346153846153846 0.09615384615384616
53 0.31490384615384615 0.5060096153846154 0.125 0.07692307692307693
85 0.46875 0.5348557692307693 0.13221153846153846 0.08653846153846154
110 0.6454326923076923 0.5733173076923077 0.15144230769230768 0.09375
119 0.32572115384615385 0.578125 0.125 0.07692307692307693
152 0.4699519230769231 0.6141826923076923 0.125 0.07692307692307693
9 0.6358173076923077 0.6538461538461539 0.14423076923076922 0.08653846153846154
275 0.33533653846153844 0.6754807692307693 0.11538461538461539 0.07692307692307693
264 0.6237980769230769 0.7536057692307693 0.13221153846153846 0.08413461538461539
238 0.34375 0.7331730769230769 0.10576923076923077 0.057692307692307696
192 0.4735576923076923 0.7716346153846154 0.11778846153846154 0.06971153846153846
265 0.3473557692307692 0.7896634615384616 0.0985576923076923 0.06009615384615385
366 0.4723557692307692 0.8269230769230769 0.10336538461538461 0.06490384615384616
261 0.6069711538461539 0.9242788461538461 0.11298076923076923 0.055288461538461536
261 0.47596153846153844 0.8798076923076923 0.10096153846153846 0.05048076923076923
261 0.609375 0.8689903846153846 0.11298076923076923 0.05048076923076923
261 0.6153846153846154 0.8173076923076923 0.11298076923076923 0.05048076923076923
261 0.35216346153846156 0.8389423076923077 0.10576923076923077 0.0625