99 0.46153846153846156 0.25 0.06490384615384616 0.08413461538461539
72 0.46033653846153844 0.33413461538461536 0.06490384615384616 0.08413461538461539
35 0.46033653846153844 0.4182692307692308 0.06490384615384616 0.08413461538461539
119 0.46033653846153844 0.5012019230769231 0.0673076923076923 0.08173076923076923
110 0.5612980769230769 0.25240384615384615 0.06490384615384616 0.08173076923076923
85 0.5612980769230769 0.33533653846153844 0.06490384615384616 0.08173076923076923
53 0.5612980769230769 0.4206730769230769 0.06490384615384616 0.08173076923076923
168 0.5588942307692307 0.5036057692307693 0.06490384615384616 0.08173076923076923
320 0.5084134615384616 0.625 0.06009615384615385 0.07932692307692307
363 0.5096153846153846 0.7079326923076923 0.06009615384615385 0.07932692307692307
272 0.5060096153846154 0.7848557692307693 0.06009615384615385 0.07932692307692307