273 0.6586538461538461 0.1622596153846154 0.25 0.30288461538461536
9 0.5360576923076923 0.4567307692307692 0.08653846153846154 0.11538461538461539
35 0.6322115384615384 0.4182692307692308 0.0889423076923077 0.12259615384615384
53 0.7391826923076923 0.375 0.10096153846153846 0.1346153846153846
72 0.5276442307692307 0.5757211538461539 0.0889423076923077 0.1201923076923077
85 0.6237980769230769 0.5408653846153846 0.09615384615384616 0.12259615384615384
99 0.7391826923076923 0.5012019230769231 0.11057692307692307 0.13221153846153846
110 0.5180288461538461 0.6971153846153846 0.09615384615384616 0.12259615384615384
111 0.6201923076923077 0.6694711538461539 0.11298076923076923 0.12259615384615384
113 0.7331730769230769 0.6346153846153846 0.11778846153846154 0.14423076923076922
8 0.6069711538461539 0.8112980769230769 0.10096153846153846 0.13701923076923078
119 0.5012019230769231 0.8353365384615384 0.0985576923076923 0.125
0 0.7271634615384616 0.7944711538461539 0.1201923076923077 0.14423076923076922
131 0.5793269230769231 0.9543269230769231 0.12259615384615384 0.0889423076923077