9 0.4855769230769231 0.5276442307692307 0.03365384615384615 0.0673076923076923
35 0.5324519230769231 0.5168269230769231 0.03365384615384615 0.0625
38 0.6262019230769231 0.4951923076923077 0.03365384615384615 0.06009615384615385
39 0.6706730769230769 0.49038461538461536 0.03365384615384615 0.0625
264 0.4206730769230769 0.5432692307692307 0.03365384615384615 0.0673076923076923
275 0.3581730769230769 0.5588942307692307 0.03365384615384615 0.0673076923076923
41 0.484375 0.39302884615384615 0.036057692307692304 0.06971153846153846
42 0.5324519230769231 0.3870192307692308 0.036057692307692304 0.06971153846153846
43 0.5817307692307693 0.3798076923076923 0.036057692307692304 0.06971153846153846
44 0.6286057692307693 0.3701923076923077 0.036057692307692304 0.06971153846153846
46 0.6742788461538461 0.3605769230769231 0.036057692307692304 0.06971153846153846
273 0.49038461538461536 0.19230769230769232 0.0625 0.08173076923076923
261 0.6899038461538461 0.17548076923076922 0.06009615384615385 0.10576923076923077
131 0.5564903846153846 0.18389423076923078 0.038461538461538464 0.07451923076923077