16 0.6177884615384616 0.7211538461538461 0.09615384615384616 0.12259615384615384
113 0.32091346153846156 0.8846153846153846 0.10336538461538461 0.12259615384615384
11 0.31850961538461536 0.7475961538461539 0.10817307692307693 0.12980769230769232
24 0.6225961538461539 0.5841346153846154 0.10576923076923077 0.12740384615384615
23 0.31490384615384615 0.5985576923076923 0.11057692307692307 0.13701923076923078
25 0.3125 0.4411057692307692 0.11778846153846154 0.13942307692307693
26 0.6334134615384616 0.43509615384615385 0.10096153846153846 0.13701923076923078
36 0.6394230769230769 0.2776442307692308 0.11057692307692307 0.14903846153846154
28 0.3088942307692308 0.2692307692307692 0.12259615384615384 0.16105769230769232
144 0.1778846153846154 0.26802884615384615 0.17548076923076922 0.15865384615384615
144 0.18389423076923078 0.4423076923076923 0.17307692307692307 0.14903846153846154
115 0.18990384615384615 0.6057692307692307 0.15865384615384615 0.13942307692307693
115 0.5120192307692307 0.7319711538461539 0.14182692307692307 0.13221153846153846
144 0.5144230769230769 0.5889423076923077 0.14423076923076922 0.12740384615384615
144 0.5192307692307693 0.43990384615384615 0.1466346153846154 0.13221153846153846
144 0.5240384615384616 0.2764423076923077 0.15384615384615385 0.1466346153846154