273 0.421875 0.15264423076923078 0.0985576923076923 0.09375
365 0.421875 0.25240384615384615 0.03125 0.05048076923076923
266 0.39302884615384615 0.5108173076923077 0.03125 0.05048076923076923
266 0.44471153846153844 0.5108173076923077 0.028846153846153848 0.05048076923076923
288 0.39302884615384615 0.5757211538461539 0.03125 0.05048076923076923
288 0.44471153846153844 0.5757211538461539 0.028846153846153848 0.05048076923076923
259 0.3918269230769231 0.6430288461538461 0.03125 0.05048076923076923
39 0.3894230769230769 0.7932692307692307 0.03125 0.055288461538461536
37 0.38822115384615385 0.8641826923076923 0.03125 0.06009615384615385
38 0.44350961538461536 0.8617788461538461 0.03125 0.06009615384615385
28 0.38822115384615385 0.9350961538461539 0.03125 0.06009615384615385
36 0.4423076923076923 0.9338942307692307 0.03125 0.06009615384615385