99 0.24158653846153846 0.28725961538461536 0.1346153846153846 0.1346153846153846
85 0.3641826923076923 0.41466346153846156 0.1201923076923077 0.12740384615384615
72 0.23677884615384615 0.41225961538461536 0.12740384615384615 0.12259615384615384
53 0.3545673076923077 0.5288461538461539 0.11778846153846154 0.11057692307692307
35 0.23076923076923078 0.5348557692307693 0.12740384615384615 0.11298076923076923
9 0.3485576923076923 0.6358173076923077 0.11538461538461539 0.10576923076923077
8 0.23317307692307693 0.6490384615384616 0.12259615384615384 0.12259615384615384
275 0.23076923076923078 0.7668269230769231 0.10817307692307693 0.09615384615384616
264 0.3449519230769231 0.7596153846153846 0.11057692307692307 0.0985576923076923
259 0.45072115384615385 0.7548076923076923 0.10336538461538461 0.09615384615384616
99 0.7427884615384616 0.27884615384615385 0.13221153846153846 0.14423076923076922
85 0.8377403846153846 0.39663461538461536 0.125 0.1201923076923077
72 0.7151442307692307 0.4026442307692308 0.13221153846153846 0.125
53 0.8100961538461539 0.5096153846153846 0.12259615384615384 0.11298076923076923
35 0.6983173076923077 0.5132211538461539 0.12259615384615384 0.1201923076923077
9 0.7872596153846154 0.6153846153846154 0.12740384615384615 0.11778846153846154
8 0.6814903846153846 0.6237980769230769 0.13701923076923078 0.125
275 0.6550480769230769 0.7331730769230769 0.11298076923076923 0.10096153846153846
264 0.7584134615384616 0.7319711538461539 0.11538461538461539 0.0985576923076923
261 0.7463942307692307 0.8209134615384616 0.11538461538461539 0.09615384615384616
261 0.23076923076923078 0.8629807692307693 0.11538461538461539 0.10576923076923077
261 0.5588942307692307 0.7512019230769231 0.11298076923076923 0.11298076923076923