26 0.5372596153846154 0.41947115384615385 0.04807692307692308 0.052884615384615384
28 0.5973557692307693 0.4170673076923077 0.04807692307692308 0.052884615384615384
25 0.5985576923076923 0.4951923076923077 0.04807692307692308 0.055288461538461536
24 0.5372596153846154 0.49759615384615385 0.04807692307692308 0.055288461538461536
22 0.5372596153846154 0.5769230769230769 0.04807692307692308 0.055288461538461536
23 0.5997596153846154 0.5745192307692307 0.04807692307692308 0.055288461538461536
11 0.5396634615384616 0.6550480769230769 0.04807692307692308 0.055288461538461536
16 0.5997596153846154 0.6526442307692307 0.04807692307692308 0.055288461538461536
10 0.6009615384615384 0.7283653846153846 0.04807692307692308 0.055288461538461536
113 0.5396634615384616 0.7331730769230769 0.04807692307692308 0.055288461538461536
110 0.5408653846153846 0.8112980769230769 0.04807692307692308 0.055288461538461536
111 0.6021634615384616 0.8064903846153846 0.04807692307692308 0.055288461538461536
99 0.6033653846153846 0.8846153846153846 0.04807692307692308 0.055288461538461536
85 0.5408653846153846 0.8882211538461539 0.04807692307692308 0.055288461538461536
53 0.5420673076923077 0.9663461538461539 0.04807692307692308 0.055288461538461536
72 0.6021634615384616 0.9615384615384616 0.04807692307692308 0.055288461538461536
36 0.5360576923076923 0.34134615384615385 0.04807692307692308 0.052884615384615384
259 0.5973557692307693 0.21754807692307693 0.04807692307692308 0.052884615384615384
363 0.5348557692307693 0.21875 0.05048076923076923 0.055288461538461536
266 0.5336538461538461 0.13581730769230768 0.05048076923076923 0.055288461538461536
288 0.5336538461538461 0.051682692307692304 0.05048076923076923 0.055288461538461536
266 0.5961538461538461 0.052884615384615384 0.052884615384615384 0.06009615384615385
259 0.8641826923076923 0.20673076923076922 0.04807692307692308 0.05048076923076923
260 0.9230769230769231 0.21153846153846154 0.05048076923076923 0.055288461538461536
266 0.9230769230769231 0.12740384615384615 0.05048076923076923 0.055288461538461536
266 0.8641826923076923 0.05048076923076923 0.052884615384615384 0.06009615384615385
288 0.921875 0.04927884615384615 0.05048076923076923 0.055288461538461536