275 0.4639423076923077 0.8317307692307693 0.04807692307692308 0.07211538461538461
264 0.5516826923076923 0.8329326923076923 0.05048076923076923 0.07211538461538461
121 0.4651442307692308 0.6971153846153846 0.04807692307692308 0.0673076923076923
120 0.4639423076923077 0.6081730769230769 0.05048076923076923 0.06971153846153846
72 0.5480769230769231 0.6069711538461539 0.04807692307692308 0.0673076923076923
85 0.5492788461538461 0.5180288461538461 0.04807692307692308 0.0673076923076923
99 0.5480769230769231 0.4266826923076923 0.04807692307692308 0.0673076923076923
9 0.4639423076923077 0.5180288461538461 0.04807692307692308 0.0673076923076923
35 0.46274038461538464 0.43028846153846156 0.04807692307692308 0.0673076923076923
53 0.46274038461538464 0.34134615384615385 0.05048076923076923 0.06971153846153846
110 0.5480769230769231 0.33774038461538464 0.04807692307692308 0.0673076923076923
111 0.546875 0.24879807692307693 0.04807692307692308 0.07211538461538461
259 0.5432692307692307 0.030048076923076924 0.04326923076923077 0.06009615384615385