273 0.4795673076923077 0.18028846153846154 0.22355769230769232 0.2091346153846154
266 0.48197115384615385 0.33653846153846156 0.04326923076923077 0.036057692307692304
85 0.47836538461538464 0.6334134615384616 0.040865384615384616 0.03365384615384615
53 0.47836538461538464 0.6646634615384616 0.04326923076923077 0.03125
35 0.47716346153846156 0.6971153846153846 0.040865384615384616 0.03365384615384615
168 0.47716346153846156 0.7283653846153846 0.038461538461538464 0.03365384615384615
152 0.47596153846153844 0.7584134615384616 0.038461538461538464 0.03365384615384615
120 0.47596153846153844 0.7896634615384616 0.038461538461538464 0.03365384615384615
275 0.4338942307692308 0.8341346153846154 0.038461538461538464 0.038461538461538464
259 0.4735576923076923 0.828125 0.036057692307692304 0.03365384615384615
264 0.5132211538461539 0.8221153846153846 0.038461538461538464 0.03365384615384615