28 0.5108173076923077 0.6959134615384616 0.03125 0.02403846153846154
37 0.5108173076923077 0.6682692307692307 0.03125 0.02403846153846154
39 0.5108173076923077 0.6430288461538461 0.03125 0.02403846153846154
36 0.4170673076923077 0.6682692307692307 0.03125 0.02403846153846154
38 0.4170673076923077 0.6418269230769231 0.03125 0.02403846153846154
259 0.4182692307692308 0.5889423076923077 0.03365384615384615 0.028846153846153848
16 0.4675480769230769 0.45552884615384615 0.036057692307692304 0.028846153846153848
249 0.39663461538461536 0.39302884615384615 0.03365384615384615 0.026442307692307692
134 0.5396634615384616 0.39302884615384615 0.03365384615384615 0.028846153846153848
272 0.46634615384615385 0.39302884615384615 0.0673076923076923 0.052884615384615384
288 0.47115384615384615 0.1622596153846154 0.25240384615384615 0.12259615384615384
266 0.4651442307692308 0.6153846153846154 0.03365384615384615 0.028846153846153848
192 0.5132211538461539 0.5913461538461539 0.03365384615384615 0.028846153846153848
365 0.46634615384615385 0.5192307692307693 0.057692307692307696 0.06490384615384616
266 0.4182692307692308 0.6947115384615384 0.03125 0.02403846153846154