9 0.6213942307692307 0.4254807692307692 0.23076923076923078 0.13942307692307693
53 0.6286057692307693 0.2980769230769231 0.24278846153846154 0.15144230769230768
85 0.6334134615384616 0.15985576923076922 0.2548076923076923 0.1658653846153846
72 0.3870192307692308 0.15504807692307693 0.25961538461538464 0.16105769230769232
35 0.3870192307692308 0.29447115384615385 0.2548076923076923 0.15384615384615385
119 0.3918269230769231 0.4254807692307692 0.24278846153846154 0.14903846153846154
264 0.6081730769230769 0.7620192307692307 0.22115384615384615 0.1201923076923077
289 0.39783653846153844 0.7668269230769231 0.22596153846153846 0.12259615384615384
259 0.39783653846153844 0.8713942307692307 0.21634615384615385 0.1201923076923077
275 0.6009615384615384 0.8701923076923077 0.21153846153846154 0.11538461538461539
119 0.8509615384615384 0.2536057692307692 0.1346153846153846 0.1346153846153846
35 0.8737980769230769 0.054086538461538464 0.14423076923076922 0.10817307692307693
267 0.3942307692307692 0.65625 0.23076923076923078 0.125