273 0.6057692307692307 0.2608173076923077 0.13701923076923078 0.1971153846153846
35 0.6141826923076923 0.7391826923076923 0.03365384615384615 0.026442307692307692
9 0.6141826923076923 0.7692307692307693 0.03125 0.028846153846153848
152 0.6153846153846154 0.8004807692307693 0.028846153846153848 0.026442307692307692
259 0.5721153846153846 0.8245192307692307 0.028846153846153848 0.026442307692307692
264 0.6141826923076923 0.8341346153846154 0.03125 0.026442307692307692
275 0.6610576923076923 0.8449519230769231 0.03125 0.028846153846153848
272 0.5733173076923077 0.8569711538461539 0.028846153846153848 0.021634615384615384
272 0.5733173076923077 0.8882211538461539 0.028846153846153848 0.021634615384615384
272 0.6610576923076923 0.8786057692307693 0.028846153846153848 0.021634615384615384
272 0.6610576923076923 0.9122596153846154 0.028846153846153848 0.021634615384615384