136 0.39663461538461536 0.7740384615384616 0.03365384615384615 0.026442307692307692
135 0.4723557692307692 0.765625 0.03365384615384615 0.026442307692307692
152 0.40024038461538464 0.6899038461538461 0.038461538461538464 0.028846153846153848
113 0.39903846153846156 0.6526442307692307 0.038461538461538464 0.028846153846153848
10 0.40024038461538464 0.6129807692307693 0.038461538461538464 0.028846153846153848
23 0.4723557692307692 0.6105769230769231 0.038461538461538464 0.028846153846153848
11 0.39903846153846156 0.5745192307692307 0.038461538461538464 0.028846153846153848
24 0.4723557692307692 0.5733173076923077 0.038461538461538464 0.028846153846153848
16 0.40024038461538464 0.5348557692307693 0.038461538461538464 0.028846153846153848
25 0.4735576923076923 0.5324519230769231 0.038461538461538464 0.028846153846153848
20 0.40024038461538464 0.49399038461538464 0.038461538461538464 0.026442307692307692
26 0.4735576923076923 0.49399038461538464 0.038461538461538464 0.026442307692307692
22 0.40024038461538464 0.4543269230769231 0.038461538461538464 0.028846153846153848
28 0.47475961538461536 0.4543269230769231 0.038461538461538464 0.028846153846153848
36 0.47475961538461536 0.41346153846153844 0.038461538461538464 0.026442307692307692
320 0.39783653846153844 0.32091346153846156 0.038461538461538464 0.026442307692307692
265 0.38822115384615385 0.203125 0.036057692307692304 0.028846153846153848
366 0.49038461538461536 0.21033653846153846 0.036057692307692304 0.028846153846153848
272 0.4338942307692308 0.8161057692307693 0.03365384615384615 0.026442307692307692
266 0.47836538461538464 0.3233173076923077 0.05048076923076923 0.040865384615384616