320 0.4074519230769231 0.15865384615384615 0.04567307692307692 0.036057692307692304
266 0.5204326923076923 0.16105769230769232 0.0625 0.04807692307692308
265 0.4182692307692308 0.21754807692307693 0.04326923076923077 0.03365384615384615
366 0.5060096153846154 0.22115384615384615 0.04326923076923077 0.03365384615384615
16 0.5192307692307693 0.2800480769230769 0.04567307692307692 0.036057692307692304
11 0.4050480769230769 0.2776442307692308 0.04567307692307692 0.03365384615384615
10 0.5180288461538461 0.3269230769230769 0.04326923076923077 0.03365384615384615
113 0.40384615384615385 0.32572115384615385 0.040865384615384616 0.03125
110 0.4026442307692308 0.37259615384615385 0.04326923076923077 0.03365384615384615
99 0.515625 0.41947115384615385 0.04807692307692308 0.03365384615384615
85 0.40024038461538464 0.4170673076923077 0.04326923076923077 0.03365384615384615
72 0.5132211538461539 0.4651442307692308 0.04326923076923077 0.03365384615384615
53 0.40024038461538464 0.4639423076923077 0.04567307692307692 0.036057692307692304
35 0.5096153846153846 0.5096153846153846 0.04326923076923077 0.03365384615384615
9 0.39783653846153844 0.5084134615384616 0.040865384615384616 0.03365384615384615
8 0.5108173076923077 0.5552884615384616 0.04326923076923077 0.03365384615384615
136 0.5072115384615384 0.6177884615384616 0.04326923076923077 0.03365384615384615
266 0.39783653846153844 0.6177884615384616 0.040865384615384616 0.028846153846153848
266 0.515625 0.3737980769230769 0.04567307692307692 0.036057692307692304
272 0.5072115384615384 0.7055288461538461 0.055288461538461536 0.04326923076923077
272 0.3954326923076923 0.7055288461538461 0.06009615384615385 0.04567307692307692
272 0.3954326923076923 0.7704326923076923 0.06009615384615385 0.04567307692307692
272 0.5036057692307693 0.7704326923076923 0.06009615384615385 0.04567307692307692
272 0.3954326923076923 0.8353365384615384 0.06009615384615385 0.04567307692307692