265 0.41225961538461536 0.45913461538461536 0.03365384615384615 0.028846153846153848
366 0.4735576923076923 0.46033653846153844 0.03365384615384615 0.028846153846153848
35 0.4411057692307692 0.5913461538461539 0.038461538461538464 0.03125
152 0.4411057692307692 0.6574519230769231 0.038461538461538464 0.03365384615384615
365 0.6911057692307693 0.5721153846153846 0.03125 0.026442307692307692
365 0.6947115384615384 0.6310096153846154 0.03365384615384615 0.028846153846153848
260 0.4026442307692308 0.7560096153846154 0.038461538461538464 0.03125
260 0.47596153846153844 0.7451923076923077 0.038461538461538464 0.03125
266 0.44471153846153844 0.5576923076923077 0.04807692307692308 0.038461538461538464
260 0.3858173076923077 0.41225961538461536 0.040865384615384616 0.03365384615384615
266 0.49759615384615385 0.4170673076923077 0.040865384615384616 0.03365384615384615
266 0.65625 0.42427884615384615 0.03125 0.03125
260 0.7307692307692307 0.4266826923076923 0.028846153846153848 0.028846153846153848
366 0.6742788461538461 0.46274038461538464 0.026442307692307692 0.026442307692307692
266 0.6971153846153846 0.5444711538461539 0.038461538461538464 0.03125
260 0.6658653846153846 0.7103365384615384 0.03365384615384615 0.03125
260 0.7151442307692307 0.7007211538461539 0.03125 0.03125