263 0.3918269230769231 0.8858173076923077 0.07451923076923077 0.03125
259 0.3942307692307692 0.8545673076923077 0.07692307692307693 0.028846153846153848
275 0.3942307692307692 0.8221153846153846 0.07451923076923077 0.028846153846153848
283 0.39663461538461536 0.7788461538461539 0.07451923076923077 0.028846153846153848
110 0.39663461538461536 0.75 0.07451923076923077 0.028846153846153848
113 0.39783653846153844 0.7223557692307693 0.07451923076923077 0.028846153846153848
11 0.39783653846153844 0.6935096153846154 0.07451923076923077 0.03125
22 0.39903846153846156 0.6646634615384616 0.07451923076923077 0.028846153846153848
23 0.4723557692307692 0.6622596153846154 0.07211538461538461 0.028846153846153848
16 0.47115384615384615 0.6899038461538461 0.07451923076923077 0.028846153846153848
10 0.47115384615384615 0.71875 0.07211538461538461 0.028846153846153848
111 0.46875 0.7475961538461539 0.06971153846153846 0.026442307692307692
99 0.46875 0.7752403846153846 0.06971153846153846 0.03125
272 0.4651442307692308 0.8509615384615384 0.040865384615384616 0.028846153846153848
272 0.3894230769230769 0.37259615384615385 0.026442307692307692 0.02403846153846154
273 0.45552884615384615 0.11538461538461539 0.17067307692307693 0.13701923076923078
272 0.36778846153846156 0.4326923076923077 0.04326923076923077 0.036057692307692304
272 0.41947115384615385 0.4338942307692308 0.04326923076923077 0.036057692307692304
272 0.4699519230769231 0.43509615384615385 0.04567307692307692 0.036057692307692304
272 0.5192307692307693 0.4362980769230769 0.04326923076923077 0.03365384615384615
260 0.4675480769230769 0.8197115384615384 0.06971153846153846 0.028846153846153848