9 0.4795673076923077 0.7620192307692307 0.04326923076923077 0.07932692307692307
35 0.47716346153846156 0.6730769230769231 0.040865384615384616 0.07451923076923077
53 0.4735576923076923 0.5853365384615384 0.040865384615384616 0.07451923076923077
22 0.5492788461538461 0.48677884615384615 0.038461538461538464 0.07451923076923077
23 0.546875 0.39783653846153844 0.038461538461538464 0.07692307692307693
10 0.46875 0.4050480769230769 0.04326923076923077 0.07692307692307693
11 0.46634615384615385 0.3137019230769231 0.040865384615384616 0.07692307692307693
24 0.5456730769230769 0.3076923076923077 0.04326923076923077 0.07692307692307693
25 0.5444711538461539 0.21634615384615385 0.040865384615384616 0.07692307692307693
16 0.4639423076923077 0.21875 0.04326923076923077 0.08173076923076923
20 0.46153846153846156 0.12379807692307693 0.04326923076923077 0.07692307692307693
26 0.5420673076923077 0.12139423076923077 0.040865384615384616 0.07932692307692307
28 0.4579326923076923 0.03365384615384615 0.04567307692307692 0.0673076923076923