120 0.5132211538461539 0.921875 0.028846153846153848 0.05048076923076923
9 0.5120192307692307 0.8665865384615384 0.02403846153846154 0.052884615384615384
23 0.5576923076923077 0.8737980769230769 0.028846153846153848 0.04807692307692308
24 0.5564903846153846 0.8185096153846154 0.026442307692307692 0.04807692307692308
187 0.5120192307692307 0.8125 0.02403846153846154 0.04807692307692308
35 0.5108173076923077 0.7584134615384616 0.028846153846153848 0.04807692307692308
25 0.5552884615384616 0.7620192307692307 0.028846153846153848 0.05048076923076923
26 0.5540865384615384 0.7079326923076923 0.02403846153846154 0.052884615384615384
53 0.5096153846153846 0.703125 0.028846153846153848 0.04807692307692308
72 0.5084134615384616 0.6466346153846154 0.028846153846153848 0.052884615384615384
28 0.5552884615384616 0.6502403846153846 0.028846153846153848 0.052884615384615384
36 0.5540865384615384 0.5925480769230769 0.028846153846153848 0.052884615384615384
85 0.5072115384615384 0.5901442307692307 0.028846153846153848 0.04807692307692308
99 0.5060096153846154 0.53125 0.028846153846153848 0.04807692307692308
37 0.5528846153846154 0.5336538461538461 0.028846153846153848 0.052884615384615384
38 0.5528846153846154 0.4735576923076923 0.028846153846153848 0.055288461538461536
110 0.5048076923076923 0.47115384615384615 0.028846153846153848 0.04807692307692308
111 0.5036057692307693 0.41346153846153844 0.028846153846153848 0.05048076923076923
39 0.5516826923076923 0.41225961538461536 0.028846153846153848 0.055288461538461536
41 0.5516826923076923 0.35216346153846156 0.028846153846153848 0.052884615384615384
113 0.5024038461538461 0.35336538461538464 0.028846153846153848 0.05048076923076923
10 0.5024038461538461 0.2920673076923077 0.028846153846153848 0.052884615384615384
42 0.5516826923076923 0.28846153846153844 0.028846153846153848 0.055288461538461536
43 0.5504807692307693 0.2247596153846154 0.028846153846153848 0.057692307692307696
11 0.5012019230769231 0.2283653846153846 0.028846153846153848 0.052884615384615384
16 0.5 0.16346153846153846 0.028846153846153848 0.05048076923076923
44 0.5492788461538461 0.15985576923076922 0.028846153846153848 0.055288461538461536
46 0.5492788461538461 0.09134615384615384 0.03125 0.057692307692307696
20 0.5 0.09495192307692307 0.028846153846153848 0.05048076923076923
22 0.49759615384615385 0.027644230769230768 0.028846153846153848 0.055288461538461536
47 0.5480769230769231 0.025240384615384616 0.028846153846153848 0.05048076923076923