9 0.46634615384615385 0.35697115384615385 0.14182692307692307 0.11057692307692307
8 0.4639423076923077 0.47716346153846156 0.14182692307692307 0.11057692307692307
259 0.4639423076923077 0.6262019230769231 0.14182692307692307 0.10817307692307693
264 0.6574519230769231 0.7475961538461539 0.14423076923076922 0.11057692307692307
275 0.27283653846153844 0.7391826923076923 0.14182692307692307 0.11057692307692307
272 0.27403846153846156 0.8545673076923077 0.09615384615384616 0.06971153846153846
272 0.6550480769230769 0.8641826923076923 0.09615384615384616 0.06971153846153846
291 0.4675480769230769 0.20793269230769232 0.13942307692307693 0.11538461538461539
291 0.27163461538461536 0.6213942307692307 0.14423076923076922 0.11298076923076923
291 0.6586538461538461 0.6298076923076923 0.14182692307692307 0.11298076923076923
267 0.46153846153846156 0.7451923076923077 0.14423076923076922 0.11298076923076923