264 0.6790865384615384 0.8112980769230769 0.04326923076923077 0.08173076923076923
275 0.6189903846153846 0.8076923076923077 0.04326923076923077 0.08173076923076923
152 0.6165865384615384 0.6658653846153846 0.04326923076923077 0.07692307692307693
99 0.6766826923076923 0.6706730769230769 0.04567307692307692 0.08413461538461539
110 0.6766826923076923 0.5841346153846154 0.04567307692307692 0.08173076923076923
9 0.6165865384615384 0.5841346153846154 0.04326923076923077 0.07932692307692307
35 0.6165865384615384 0.5012019230769231 0.04326923076923077 0.07692307692307693
111 0.6766826923076923 0.49759615384615385 0.04567307692307692 0.08173076923076923
113 0.6766826923076923 0.41466346153846156 0.04807692307692308 0.07932692307692307
53 0.6153846153846154 0.4182692307692308 0.04326923076923077 0.07451923076923077
246 0.6165865384615384 0.33653846153846156 0.04567307692307692 0.07692307692307693
10 0.6754807692307693 0.3329326923076923 0.04807692307692308 0.07932692307692307
11 0.6742788461538461 0.24639423076923078 0.04567307692307692 0.07932692307692307
72 0.6153846153846154 0.25240384615384615 0.04567307692307692 0.07932692307692307
85 0.6141826923076923 0.1658653846153846 0.04567307692307692 0.07932692307692307
16 0.6742788461538461 0.15865384615384615 0.04807692307692308 0.08413461538461539
259 0.6742788461538461 0.027644230769230768 0.04567307692307692 0.055288461538461536
272 0.6538461538461539 0.9435096153846154 0.036057692307692304 0.06009615384615385