177 0.47475961538461536 0.7295673076923077 0.0625 0.11057692307692307
264 0.4891826923076923 0.9639423076923077 0.055288461538461536 0.06971153846153846
152 0.46875 0.6213942307692307 0.06009615384615385 0.10576923076923077
180 0.3713942307692308 0.6586538461538461 0.06490384615384616 0.11298076923076923
155 0.3605769230769231 0.5444711538461539 0.06490384615384616 0.1201923076923077
9 0.46274038461538464 0.5072115384615384 0.0625 0.11538461538461539
35 0.45552884615384615 0.39302884615384615 0.06490384615384616 0.11538461538461539
53 0.4483173076923077 0.2644230769230769 0.0673076923076923 0.11778846153846154
72 0.4423076923076923 0.1346153846153846 0.06971153846153846 0.125
65 0.328125 0.15144230769230768 0.06971153846153846 0.125
48 0.34134615384615385 0.2920673076923077 0.06971153846153846 0.12740384615384615
29 0.35096153846153844 0.4206730769230769 0.0673076923076923 0.12259615384615384