108 0.515625 0.6875 0.021634615384615384 0.038461538461538464
107 0.5384615384615384 0.6875 0.021634615384615384 0.038461538461538464
106 0.5168269230769231 0.7283653846153846 0.021634615384615384 0.038461538461538464
105 0.5396634615384616 0.7283653846153846 0.021634615384615384 0.038461538461538464
104 0.5168269230769231 0.7704326923076923 0.021634615384615384 0.038461538461538464
103 0.5396634615384616 0.7692307692307693 0.021634615384615384 0.038461538461538464
102 0.5180288461538461 0.8112980769230769 0.021634615384615384 0.038461538461538464
101 0.5408653846153846 0.8112980769230769 0.021634615384615384 0.038461538461538464
100 0.5192307692307693 0.8521634615384616 0.021634615384615384 0.038461538461538464
95 0.5420673076923077 0.8509615384615384 0.021634615384615384 0.038461538461538464
94 0.5192307692307693 0.8930288461538461 0.021634615384615384 0.038461538461538464
93 0.5420673076923077 0.8930288461538461 0.021634615384615384 0.038461538461538464
92 0.5204326923076923 0.9350961538461539 0.021634615384615384 0.038461538461538464
91 0.5432692307692307 0.9338942307692307 0.021634615384615384 0.038461538461538464
89 0.5204326923076923 0.9759615384615384 0.021634615384615384 0.038461538461538464
88 0.5432692307692307 0.9759615384615384 0.021634615384615384 0.038461538461538464
266 0.5252403846153846 0.5252403846153846 0.02403846153846154 0.04326923076923077
273 0.5228365384615384 0.3485576923076923 0.11778846153846154 0.22115384615384615