320 0.41586538461538464 0.3112980769230769 0.036057692307692304 0.028846153846153848
265 0.44350961538461536 0.3701923076923077 0.03365384615384615 0.026442307692307692
366 0.5084134615384616 0.3701923076923077 0.03365384615384615 0.026442307692307692
10 0.4411057692307692 0.42788461538461536 0.03365384615384615 0.026442307692307692
11 0.5192307692307693 0.4254807692307692 0.03365384615384615 0.026442307692307692
113 0.5216346153846154 0.46153846153846156 0.03365384615384615 0.026442307692307692
111 0.44350961538461536 0.4651442307692308 0.03365384615384615 0.026442307692307692
99 0.44471153846153844 0.5036057692307693 0.03365384615384615 0.026442307692307692
110 0.5216346153846154 0.4987980769230769 0.03365384615384615 0.026442307692307692
85 0.5240384615384616 0.5348557692307693 0.03365384615384615 0.026442307692307692
72 0.44591346153846156 0.5408653846153846 0.03365384615384615 0.026442307692307692
35 0.4483173076923077 0.5793269230769231 0.03365384615384615 0.026442307692307692
266 0.5228365384615384 0.5697115384615384 0.03365384615384615 0.026442307692307692
9 0.5252403846153846 0.6081730769230769 0.03365384615384615 0.026442307692307692
187 0.4483173076923077 0.6165865384615384 0.03365384615384615 0.026442307692307692
142 0.4362980769230769 0.6706730769230769 0.03365384615384615 0.026442307692307692
136 0.5408653846153846 0.6574519230769231 0.03365384615384615 0.026442307692307692
266 0.5336538461538461 0.31490384615384615 0.05048076923076923 0.04326923076923077