26 0.4182692307692308 0.1346153846153846 0.08653846153846154 0.15384615384615385
25 0.41947115384615385 0.2860576923076923 0.08653846153846154 0.1466346153846154
24 0.4206730769230769 0.4338942307692308 0.08653846153846154 0.14182692307692307
23 0.4230769230769231 0.5817307692307693 0.08413461538461539 0.14182692307692307
22 0.4254807692307692 0.7223557692307693 0.07451923076923077 0.12740384615384615
16 0.42788461538461536 0.8653846153846154 0.07451923076923077 0.12740384615384615
266 0.3125 0.8966346153846154 0.08653846153846154 0.13942307692307693
72 0.31009615384615385 0.7439903846153846 0.09375 0.1466346153846154
85 0.3076923076923077 0.5949519230769231 0.09615384615384616 0.15384615384615385
99 0.30408653846153844 0.4423076923076923 0.09615384615384616 0.14903846153846154
111 0.3016826923076923 0.2860576923076923 0.0985576923076923 0.15144230769230768