35 0.43509615384615385 0.45552884615384615 0.07451923076923077 0.0985576923076923
277 0.4326923076923077 0.6009615384615384 0.07451923076923077 0.0985576923076923
266 0.5192307692307693 0.6045673076923077 0.08173076923076923 0.10576923076923077
366 0.5216346153846154 0.45913461538461536 0.08653846153846154 0.10817307692307693
275 0.34375 0.7391826923076923 0.07692307692307693 0.0985576923076923
335 0.42788461538461536 0.7415865384615384 0.08173076923076923 0.10096153846153846
264 0.5192307692307693 0.7415865384615384 0.07932692307692307 0.10096153846153846
266 0.6033653846153846 0.7439903846153846 0.07451923076923077 0.10576923076923077
259 0.3425480769230769 0.8737980769230769 0.07692307692307693 0.09615384615384616
320 0.4254807692307692 0.8774038461538461 0.08173076923076923 0.10096153846153846
289 0.5168269230769231 0.8774038461538461 0.07692307692307693 0.09615384615384616
341 0.5985576923076923 0.8774038461538461 0.08173076923076923 0.09615384615384616
272 0.3425480769230769 0.14302884615384615 0.09134615384615384 0.1201923076923077
272 0.6201923076923077 0.15504807692307693 0.0889423076923077 0.12740384615384615
272 0.6165865384615384 0.3125 0.08653846153846154 0.11538461538461539
272 0.3425480769230769 0.30288461538461536 0.0889423076923077 0.11538461538461539