259 0.5120192307692307 0.15144230769230768 0.11538461538461539 0.16826923076923078
110 0.40024038461538464 0.2824519230769231 0.0985576923076923 0.15625
111 0.515625 0.3293269230769231 0.11298076923076923 0.17067307692307693
113 0.6490384615384616 0.38221153846153844 0.12740384615384615 0.18028846153846154
72 0.4074519230769231 0.42908653846153844 0.09134615384615384 0.14903846153846154
85 0.5168269230769231 0.4879807692307692 0.10336538461538461 0.15625
99 0.6418269230769231 0.5504807692307693 0.11298076923076923 0.17307692307692307
53 0.6358173076923077 0.6995192307692307 0.10817307692307693 0.15865384615384615
275 0.6310096153846154 0.8257211538461539 0.10096153846153846 0.16105769230769232
8 0.5180288461538461 0.7548076923076923 0.09134615384615384 0.14903846153846154
35 0.515625 0.6286057692307693 0.09615384615384616 0.15384615384615385
9 0.41346153846153844 0.5685096153846154 0.08653846153846154 0.13701923076923078
152 0.41947115384615385 0.6887019230769231 0.08413461538461539 0.13942307692307693