273 0.390625 0.109375 0.11538461538461539 0.057692307692307696
273 0.390625 0.1971153846153846 0.11538461538461539 0.057692307692307696
265 0.35216346153846156 0.28725961538461536 0.0625 0.038461538461538464
366 0.42788461538461536 0.28725961538461536 0.06490384615384616 0.036057692307692304
113 0.4266826923076923 0.36538461538461536 0.0625 0.036057692307692304
72 0.35216346153846156 0.421875 0.0625 0.038461538461538464
111 0.4266826923076923 0.421875 0.0625 0.036057692307692304
366 0.39663461538461536 0.7932692307692307 0.0889423076923077 0.052884615384615384
53 0.35216346153846156 0.47836538461538464 0.0625 0.038461538461538464
110 0.4266826923076923 0.4795673076923077 0.0625 0.038461538461538464
35 0.35216346153846156 0.5348557692307693 0.0625 0.038461538461538464
99 0.4266826923076923 0.5360576923076923 0.0625 0.038461538461538464
85 0.4266826923076923 0.5901442307692307 0.0625 0.038461538461538464
9 0.3557692307692308 0.5889423076923077 0.0625 0.038461538461538464
187 0.3545673076923077 0.6442307692307693 0.0625 0.038461538461538464