26 0.33413461538461536 0.16826923076923078 0.1466346153846154 0.17548076923076922
26 0.5084134615384616 0.15745192307692307 0.12740384615384615 0.1778846153846154
28 0.6814903846153846 0.06610576923076923 0.14182692307692307 0.13221153846153846
28 0.859375 0.0625 0.13942307692307693 0.125
25 0.8629807692307693 0.2536057692307692 0.13942307692307693 0.17307692307692307
25 0.6838942307692307 0.265625 0.14423076923076922 0.17307692307692307
24 0.5108173076923077 0.375 0.13221153846153846 0.17548076923076922
24 0.3425480769230769 0.3786057692307692 0.14423076923076922 0.17307692307692307
22 0.3473557692307692 0.6057692307692307 0.13942307692307693 0.16346153846153846
22 0.5144230769230769 0.5925480769230769 0.13221153846153846 0.18028846153846154
266 0.5168269230769231 0.8040865384615384 0.12740384615384615 0.17067307692307693
23 0.6875 0.4831730769230769 0.14423076923076922 0.16826923076923078
23 0.8641826923076923 0.47475961538461536 0.1346153846153846 0.1778846153846154
20 0.6935096153846154 0.6959134615384616 0.14423076923076922 0.16346153846153846
20 0.8641826923076923 0.6875 0.13221153846153846 0.17548076923076922
53 0.6947115384615384 0.9086538461538461 0.14423076923076922 0.16105769230769232
53 0.8641826923076923 0.9002403846153846 0.13221153846153846 0.17307692307692307