290 0.44350961538461536 0.2439903846153846 0.028846153846153848 0.040865384615384616
290 0.5024038461538461 0.24158653846153846 0.03125 0.040865384615384616
290 0.5637019230769231 0.24158653846153846 0.028846153846153848 0.040865384615384616
272 0.4543269230769231 0.44711538461538464 0.036057692307692304 0.04567307692307692
53 0.5540865384615384 0.47115384615384615 0.028846153846153848 0.038461538461538464
187 0.5552884615384616 0.5192307692307693 0.028846153846153848 0.038461538461538464
35 0.45552884615384615 0.49759615384615385 0.03125 0.038461538461538464
9 0.45552884615384615 0.5456730769230769 0.03125 0.038461538461538464
272 0.5540865384615384 0.5697115384615384 0.03365384615384615 0.04567307692307692
164 0.4483173076923077 0.6875 0.028846153846153848 0.040865384615384616
192 0.5060096153846154 0.6862980769230769 0.028846153846153848 0.040865384615384616
162 0.5637019230769231 0.6850961538461539 0.028846153846153848 0.040865384615384616
142 0.4483173076923077 0.78125 0.028846153846153848 0.040865384615384616
136 0.5649038461538461 0.7788461538461539 0.028846153846153848 0.040865384615384616
115 0.5084134615384616 0.8689903846153846 0.028846153846153848 0.040865384615384616
365 0.5060096153846154 0.7788461538461539 0.036057692307692304 0.04807692307692308