326 0.390625 0.2536057692307692 0.06490384615384616 0.05048076923076923
323 0.5480769230769231 0.25 0.09134615384615384 0.07692307692307693
20 0.3894230769230769 0.359375 0.0625 0.04807692307692308
113 0.38822115384615385 0.4230769230769231 0.055288461538461536 0.04807692307692308
85 0.3894230769230769 0.4855769230769231 0.06490384615384616 0.05048076923076923
23 0.5420673076923077 0.359375 0.06009615384615385 0.04807692307692308
11 0.5396634615384616 0.42427884615384615 0.06009615384615385 0.04807692307692308
110 0.5408653846153846 0.4891826923076923 0.06009615384615385 0.04807692307692308
53 0.5372596153846154 0.5528846153846154 0.06009615384615385 0.04807692307692308
152 0.5348557692307693 0.6153846153846154 0.06009615384615385 0.04807692307692308
9 0.3894230769230769 0.546875 0.0625 0.04807692307692308
291 0.4567307692307692 0.7163461538461539 0.06009615384615385 0.04807692307692308
290 0.45552884615384615 0.8076923076923077 0.04567307692307692 0.040865384615384616