85 0.234375 0.3161057692307692 0.10336538461538461 0.06009615384615385
99 0.4074519230769231 0.31971153846153844 0.10336538461538461 0.06009615384615385
110 0.5817307692307693 0.32091346153846156 0.10336538461538461 0.06009615384615385
111 0.7596153846153846 0.32211538461538464 0.10336538461538461 0.06009615384615385
9 0.2536057692307692 0.4423076923076923 0.09134615384615384 0.05048076923076923
35 0.41346153846153844 0.44591346153846156 0.09134615384615384 0.05048076923076923
53 0.5733173076923077 0.4483173076923077 0.09134615384615384 0.05048076923076923
72 0.7379807692307693 0.4519230769230769 0.09134615384615384 0.05048076923076923
120 0.27283653846153844 0.5492788461538461 0.08653846153846154 0.04567307692307692
121 0.4182692307692308 0.5540865384615384 0.0889423076923077 0.04567307692307692
122 0.5697115384615384 0.5576923076923077 0.08653846153846154 0.04567307692307692
123 0.71875 0.5637019230769231 0.0889423076923077 0.04567307692307692
264 0.7055288461538461 0.6598557692307693 0.08653846153846154 0.04567307692307692
260 0.5637019230769231 0.6550480769230769 0.08653846153846154 0.04567307692307692
259 0.42427884615384615 0.6490384615384616 0.08173076923076923 0.040865384615384616
275 0.28846153846153844 0.6442307692307693 0.08173076923076923 0.040865384615384616