10 0.4639423076923077 0.46153846153846156 0.040865384615384616 0.038461538461538464
37 0.5336538461538461 0.46274038461538464 0.04326923076923077 0.038461538461538464
113 0.4651442307692308 0.49158653846153844 0.04326923076923077 0.038461538461538464
36 0.5348557692307693 0.4951923076923077 0.04326923076923077 0.038461538461538464
28 0.5348557692307693 0.5252403846153846 0.04326923076923077 0.038461538461538464
111 0.4651442307692308 0.5204326923076923 0.04326923076923077 0.038461538461538464
354 0.4639423076923077 0.41466346153846156 0.040865384615384616 0.026442307692307692
331 0.5348557692307693 0.41586538461538464 0.04326923076923077 0.026442307692307692
110 0.4651442307692308 0.5504807692307693 0.040865384615384616 0.03365384615384615
99 0.4651442307692308 0.5805288461538461 0.040865384615384616 0.03365384615384615
85 0.46634615384615385 0.6081730769230769 0.040865384615384616 0.03365384615384615
72 0.4675480769230769 0.6370192307692307 0.040865384615384616 0.03365384615384615
53 0.46875 0.6658653846153846 0.040865384615384616 0.036057692307692304
35 0.46875 0.6947115384615384 0.040865384615384616 0.036057692307692304
9 0.46875 0.7223557692307693 0.040865384615384616 0.038461538461538464
152 0.46875 0.7524038461538461 0.040865384615384616 0.036057692307692304
26 0.5360576923076923 0.5564903846153846 0.04567307692307692 0.038461538461538464
25 0.5360576923076923 0.5865384615384616 0.04567307692307692 0.038461538461538464
24 0.5360576923076923 0.6165865384615384 0.04567307692307692 0.038461538461538464
23 0.5360576923076923 0.6442307692307693 0.04326923076923077 0.038461538461538464
22 0.5360576923076923 0.6742788461538461 0.04326923076923077 0.038461538461538464
20 0.5360576923076923 0.7043269230769231 0.04326923076923077 0.038461538461538464
16 0.5372596153846154 0.734375 0.04326923076923077 0.038461538461538464
11 0.5372596153846154 0.7632211538461539 0.04326923076923077 0.040865384615384616