265 0.5877403846153846 0.5612980769230769 0.055288461538461536 0.04326923076923077
366 0.6598557692307693 0.5637019230769231 0.055288461538461536 0.04326923076923077
263 0.6598557692307693 0.5180288461538461 0.055288461538461536 0.04326923076923077
99 0.5877403846153846 0.7007211538461539 0.055288461538461536 0.04326923076923077
85 0.5901442307692307 0.7475961538461539 0.055288461538461536 0.04326923076923077
72 0.5901442307692307 0.7944711538461539 0.055288461538461536 0.04326923076923077
53 0.5901442307692307 0.8413461538461539 0.055288461538461536 0.04326923076923077
35 0.5901442307692307 0.8894230769230769 0.055288461538461536 0.04326923076923077
9 0.5901442307692307 0.9362980769230769 0.055288461538461536 0.04326923076923077
110 0.6670673076923077 0.8882211538461539 0.055288461538461536 0.04326923076923077
111 0.6670673076923077 0.8401442307692307 0.055288461538461536 0.04326923076923077
113 0.6670673076923077 0.7932692307692307 0.055288461538461536 0.04326923076923077
10 0.6646634615384616 0.7463942307692307 0.055288461538461536 0.04326923076923077
11 0.6622596153846154 0.6995192307692307 0.055288461538461536 0.04326923076923077