320 0.46153846153846156 0.4254807692307692 0.04326923076923077 0.04326923076923077
266 0.5420673076923077 0.4266826923076923 0.04807692307692308 0.04807692307692308
24 0.46274038461538464 0.49399038461538464 0.04326923076923077 0.04326923076923077
16 0.46274038461538464 0.5372596153846154 0.04326923076923077 0.04326923076923077
111 0.46274038461538464 0.5817307692307693 0.04326923076923077 0.04326923076923077
72 0.4639423076923077 0.625 0.04326923076923077 0.04326923076923077
152 0.4639423076923077 0.6670673076923077 0.04326923076923077 0.04326923076923077
335 0.4639423076923077 0.7271634615384616 0.04326923076923077 0.04326923076923077
333 0.5408653846153846 0.7103365384615384 0.040865384615384616 0.038461538461538464
35 0.5408653846153846 0.6538461538461539 0.038461538461538464 0.040865384615384616
99 0.5408653846153846 0.6129807692307693 0.038461538461538464 0.038461538461538464
10 0.5408653846153846 0.5721153846153846 0.038461538461538464 0.038461538461538464
22 0.5408653846153846 0.5324519230769231 0.038461538461538464 0.038461538461538464
26 0.5408653846153846 0.49038461538461536 0.038461538461538464 0.040865384615384616
272 0.5420673076923077 0.7776442307692307 0.03365384615384615 0.036057692307692304
272 0.4639423076923077 0.7980769230769231 0.04326923076923077 0.038461538461538464