264 0.42908653846153844 0.22235576923076922 0.11298076923076923 0.07932692307692307
275 0.8221153846153846 0.22235576923076922 0.11298076923076923 0.07692307692307693
272 0.6298076923076923 0.2283653846153846 0.09615384615384616 0.0673076923076923
111 0.4338942307692308 0.38100961538461536 0.10817307692307693 0.07451923076923077
99 0.4375 0.46033653846153844 0.10817307692307693 0.06971153846153846
85 0.4387019230769231 0.5348557692307693 0.10336538461538461 0.06490384615384616
72 0.4411057692307692 0.6069711538461539 0.0985576923076923 0.06490384615384616
53 0.44350961538461536 0.6778846153846154 0.0985576923076923 0.06490384615384616
9 0.44350961538461536 0.7451923076923077 0.0985576923076923 0.06009615384615385
8 0.44591346153846156 0.8100961538461539 0.09375 0.06009615384615385
259 0.4495192307692308 0.9170673076923077 0.09375 0.06009615384615385
275 0.19591346153846154 0.8293269230769231 0.09615384615384616 0.057692307692307696
264 0.0829326923076923 0.8341346153846154 0.10096153846153846 0.06009615384615385