264 0.29927884615384615 0.171875 0.125 0.09615384615384616
275 0.5913461538461539 0.17307692307692307 0.125 0.09615384615384616
111 0.30408653846153844 0.2848557692307692 0.11778846153846154 0.09375
113 0.44471153846153844 0.2848557692307692 0.11778846153846154 0.09375
10 0.5877403846153846 0.2848557692307692 0.1201923076923077 0.09375
85 0.3088942307692308 0.390625 0.11538461538461539 0.08653846153846154
99 0.44711538461538464 0.3918269230769231 0.11778846153846154 0.08653846153846154
110 0.5829326923076923 0.39302884615384615 0.11778846153846154 0.08653846153846154
35 0.3161057692307692 0.4891826923076923 0.11538461538461539 0.08413461538461539
53 0.44711538461538464 0.4891826923076923 0.11538461538461539 0.08413461538461539
72 0.5805288461538461 0.49158653846153844 0.11538461538461539 0.08413461538461539
9 0.5757211538461539 0.5841346153846154 0.11057692307692307 0.07932692307692307
152 0.31971153846153844 0.5817307692307693 0.11057692307692307 0.07692307692307693
276 0.21394230769230768 0.5853365384615384 0.09615384615384616 0.06490384615384616
356 0.29447115384615385 0.051682692307692304 0.12259615384615384 0.10096153846153846
288 0.4423076923076923 0.052884615384615384 0.125 0.10336538461538461
266 0.5949519230769231 0.054086538461538464 0.125 0.10336538461538461