72 0.5348557692307693 0.46153846153846156 0.028846153846153848 0.028846153846153848
53 0.5324519230769231 0.49278846153846156 0.028846153846153848 0.028846153846153848
35 0.53125 0.5240384615384616 0.028846153846153848 0.028846153846153848
2 0.5288461538461539 0.5540865384615384 0.028846153846153848 0.028846153846153848
3 0.5276442307692307 0.5841346153846154 0.028846153846153848 0.028846153846153848
5 0.5252403846153846 0.6129807692307693 0.028846153846153848 0.028846153846153848
68 0.4879807692307692 0.46875 0.03125 0.03125
50 0.48677884615384615 0.5012019230769231 0.03125 0.028846153846153848
9 0.484375 0.5324519230769231 0.03125 0.028846153846153848
1 0.48197115384615385 0.5637019230769231 0.03125 0.028846153846153848
4 0.4807692307692308 0.5949519230769231 0.028846153846153848 0.028846153846153848
275 0.47716346153846156 0.7151442307692307 0.040865384615384616 0.036057692307692304
264 0.5204326923076923 0.6983173076923077 0.028846153846153848 0.03125
259 0.5180288461538461 0.3641826923076923 0.03125 0.028846153846153848