173 0.5276442307692307 0.3137019230769231 0.04567307692307692 0.08653846153846154
171 0.53125 0.4543269230769231 0.04567307692307692 0.07932692307692307
119 0.5372596153846154 0.7067307692307693 0.04326923076923077 0.07451923076923077
259 0.5012019230769231 0.84375 0.038461538461538464 0.0673076923076923
275 0.578125 0.8197115384615384 0.038461538461538464 0.0673076923076923
264 0.6526442307692307 0.7980769230769231 0.036057692307692304 0.06490384615384616
260 0.5228365384615384 0.15985576923076922 0.04807692307692308 0.09615384615384616
260 0.6141826923076923 0.14182692307692307 0.04567307692307692 0.09134615384615384
260 0.6141826923076923 0.2956730769230769 0.04567307692307692 0.08413461538461539
260 0.6153846153846154 0.4338942307692308 0.038461538461538464 0.07692307692307693
260 0.5348557692307693 0.5877403846153846 0.04326923076923077 0.07451923076923077
260 0.6153846153846154 0.5637019230769231 0.038461538461538464 0.07451923076923077
260 0.6153846153846154 0.6838942307692307 0.038461538461538464 0.07211538461538461