259 0.5829326923076923 0.23197115384615385 0.0889423076923077 0.07932692307692307
72 0.5132211538461539 0.3088942307692308 0.0625 0.06490384615384616
35 0.515625 0.390625 0.0625 0.06009615384615385
281 0.5180288461538461 0.46274038461538464 0.06009615384615385 0.055288461538461536
177 0.5216346153846154 0.5264423076923077 0.052884615384615384 0.052884615384615384
264 0.5252403846153846 0.5865384615384616 0.055288461538461536 0.04807692307692308
275 0.6466346153846154 0.6430288461538461 0.0625 0.055288461538461536
133 0.6502403846153846 0.5817307692307693 0.0673076923076923 0.055288461538461536
9 0.6550480769230769 0.5144230769230769 0.06971153846153846 0.06009615384615385
53 0.6610576923076923 0.4362980769230769 0.07451923076923077 0.06490384615384616
264 0.20552884615384615 0.43990384615384615 0.036057692307692304 0.038461538461538464
365 0.14543269230769232 0.41225961538461536 0.03125 0.036057692307692304
365 0.1935096153846154 0.390625 0.038461538461538464 0.040865384615384616
365 0.13221153846153846 0.36658653846153844 0.03365384615384615 0.038461538461538464
365 0.1778846153846154 0.33774038461538464 0.038461538461538464 0.04567307692307692
365 0.1141826923076923 0.3137019230769231 0.036057692307692304 0.040865384615384616
365 0.09735576923076923 0.25841346153846156 0.036057692307692304 0.04326923076923077
365 0.16105769230769232 0.2800480769230769 0.038461538461538464 0.04567307692307692
365 0.14302884615384615 0.21634615384615385 0.038461538461538464 0.05048076923076923
365 0.0829326923076923 0.140625 0.04326923076923077 0.052884615384615384