10 0.28966346153846156 0.43028846153846156 0.06971153846153846 0.052884615384615384
11 0.49759615384615385 0.4266826923076923 0.07211538461538461 0.05048076923076923
259 0.7043269230769231 0.42427884615384615 0.07211538461538461 0.05048076923076923
110 0.30288461538461536 0.4963942307692308 0.0673076923076923 0.04567307692307692
111 0.49759615384615385 0.49399038461538464 0.0673076923076923 0.04567307692307692
113 0.6959134615384616 0.49158653846153844 0.0673076923076923 0.04567307692307692
72 0.3125 0.5576923076923077 0.0673076923076923 0.04326923076923077
85 0.5 0.5540865384615384 0.06490384615384616 0.040865384615384616
99 0.6887019230769231 0.5516826923076923 0.06490384615384616 0.040865384615384616
9 0.32091346153846156 0.6117788461538461 0.0625 0.038461538461538464
35 0.5012019230769231 0.609375 0.06009615384615385 0.038461538461538464
53 0.6838942307692307 0.6069711538461539 0.0625 0.038461538461538464
178 0.328125 0.6634615384615384 0.06009615384615385 0.036057692307692304
177 0.5036057692307693 0.6610576923076923 0.06009615384615385 0.036057692307692304
152 0.6778846153846154 0.6586538461538461 0.0625 0.036057692307692304
275 0.671875 0.7055288461538461 0.055288461538461536 0.036057692307692304
264 0.33774038461538464 0.7103365384615384 0.055288461538461536 0.036057692307692304
276 0.6177884615384616 0.6610576923076923 0.052884615384615384 0.03365384615384615