10 0.33052884615384615 0.17548076923076922 0.08173076923076923 0.0673076923076923
11 0.5588942307692307 0.17307692307692307 0.08173076923076923 0.0673076923076923
259 0.8028846153846154 0.17067307692307693 0.09134615384615384 0.07211538461538461
113 0.7956730769230769 0.2668269230769231 0.09134615384615384 0.07211538461538461
111 0.5528846153846154 0.265625 0.08653846153846154 0.06490384615384616
110 0.33052884615384615 0.2644230769230769 0.08173076923076923 0.0625
72 0.33052884615384615 0.35096153846153844 0.08173076923076923 0.0625
85 0.5504807692307693 0.3545673076923077 0.08173076923076923 0.0625
99 0.7872596153846154 0.3605769230769231 0.0889423076923077 0.06490384615384616
9 0.3317307692307692 0.43509615384615385 0.07692307692307693 0.057692307692307696
35 0.5456730769230769 0.4423076923076923 0.07932692307692307 0.057692307692307696
53 0.7788461538461539 0.4495192307692308 0.08173076923076923 0.0625
178 0.3317307692307692 0.5132211538461539 0.07692307692307693 0.055288461538461536
177 0.5408653846153846 0.5240384615384616 0.07932692307692307 0.055288461538461536
152 0.7692307692307693 0.5360576923076923 0.08413461538461539 0.06009615384615385
275 0.7620192307692307 0.6177884615384616 0.08173076923076923 0.057692307692307696
264 0.33052884615384615 0.5901442307692307 0.07211538461538461 0.06009615384615385
276 0.6887019230769231 0.5336538461538461 0.06971153846153846 0.055288461538461536