259 0.42908653846153844 0.6706730769230769 0.03365384615384615 0.02403846153846154
259 0.6766826923076923 0.6382211538461539 0.028846153846153848 0.02403846153846154
72 0.38822115384615385 0.7151442307692307 0.03125 0.02403846153846154
53 0.46875 0.7403846153846154 0.03125 0.02403846153846154
35 0.3894230769230769 0.7536057692307693 0.03125 0.02403846153846154
281 0.3918269230769231 0.7920673076923077 0.03125 0.02403846153846154
9 0.4699519230769231 0.7764423076923077 0.028846153846153848 0.02403846153846154
264 0.47115384615384615 0.8137019230769231 0.028846153846153848 0.02403846153846154
275 0.39302884615384615 0.8305288461538461 0.028846153846153848 0.02403846153846154
365 0.6466346153846154 0.7115384615384616 0.026442307692307692 0.021634615384615384
365 0.6466346153846154 0.7439903846153846 0.02403846153846154 0.021634615384615384
264 0.6466346153846154 0.7776442307692307 0.02403846153846154 0.021634615384615384
275 0.7079326923076923 0.765625 0.02403846153846154 0.021634615384615384
365 0.7079326923076923 0.7331730769230769 0.02403846153846154 0.021634615384615384
365 0.7079326923076923 0.6995192307692307 0.02403846153846154 0.021634615384615384
365 0.7067307692307693 0.6670673076923077 0.02403846153846154 0.021634615384615384