266 0.1971153846153846 0.10096153846153846 0.08173076923076923 0.0625
266 0.4855769230769231 0.11057692307692307 0.0673076923076923 0.057692307692307696
259 0.4855769230769231 0.19591346153846154 0.0673076923076923 0.06009615384615385
288 0.2091346153846154 0.19471153846153846 0.07211538461538461 0.057692307692307696
10 0.21754807692307693 0.2824519230769231 0.07932692307692307 0.06009615384615385
11 0.48677884615384615 0.27524038461538464 0.06971153846153846 0.055288461538461536
111 0.22716346153846154 0.3641826923076923 0.07932692307692307 0.057692307692307696
113 0.4891826923076923 0.34975961538461536 0.06490384615384616 0.052884615384615384
110 0.4891826923076923 0.4206730769230769 0.06009615384615385 0.04807692307692308
85 0.4891826923076923 0.49038461538461536 0.06009615384615385 0.04807692307692308
53 0.49038461538461536 0.5492788461538461 0.057692307692307696 0.04326923076923077
9 0.49158653846153844 0.609375 0.055288461538461536 0.040865384615384616
177 0.49158653846153844 0.6646634615384616 0.055288461538461536 0.038461538461538464
264 0.49158653846153844 0.7199519230769231 0.055288461538461536 0.038461538461538464
99 0.23677884615384615 0.4411057692307692 0.07211538461538461 0.05048076923076923
72 0.2439903846153846 0.5132211538461539 0.06971153846153846 0.05048076923076923
35 0.25240384615384615 0.5817307692307693 0.06971153846153846 0.04807692307692308
152 0.2608173076923077 0.6454326923076923 0.0673076923076923 0.04567307692307692
260 0.2668269230769231 0.7067307692307693 0.0673076923076923 0.04326923076923077
275 0.27403846153846156 0.7644230769230769 0.06490384615384616 0.04326923076923077
276 0.19951923076923078 0.6550480769230769 0.0625 0.04326923076923077
288 0.4855769230769231 0.026442307692307692 0.0673076923076923 0.052884615384615384
273 0.3870192307692308 0.8413461538461539 0.1875 0.15384615384615385