259 0.3245192307692308 0.23076923076923078 0.07692307692307693 0.07932692307692307
72 0.22355769230769232 0.3641826923076923 0.08653846153846154 0.07932692307692307
35 0.24158653846153846 0.49038461538461536 0.08173076923076923 0.07211538461538461
281 0.2536057692307692 0.6057692307692307 0.07932692307692307 0.06971153846153846
275 0.265625 0.7163461538461539 0.07932692307692307 0.07211538461538461
53 0.42427884615384615 0.4567307692307692 0.0625 0.06009615384615385
9 0.43028846153846156 0.5540865384615384 0.057692307692307696 0.06009615384615385
264 0.4375 0.6478365384615384 0.057692307692307696 0.06009615384615385
259 0.75 0.2512019230769231 0.038461538461538464 0.04807692307692308
365 0.7800480769230769 0.32572115384615385 0.028846153846153848 0.04326923076923077
365 0.7788461538461539 0.39302884615384615 0.028846153846153848 0.040865384615384616
365 0.7776442307692307 0.45913461538461536 0.028846153846153848 0.040865384615384616
275 0.7740384615384616 0.5204326923076923 0.028846153846153848 0.040865384615384616
264 0.703125 0.546875 0.03125 0.04326923076923077
365 0.7043269230769231 0.47836538461538464 0.03365384615384615 0.04326923076923077
365 0.703125 0.40625 0.036057692307692304 0.04326923076923077
272 0.31971153846153844 0.9699519230769231 0.052884615384615384 0.04567307692307692