259 0.421875 0.3713942307692308 0.08173076923076923 0.06490384615384616
85 0.2548076923076923 0.4639423076923077 0.09134615384615384 0.06009615384615385
72 0.2620192307692308 0.5420673076923077 0.08173076923076923 0.057692307692307696
53 0.26802884615384615 0.6129807692307693 0.07932692307692307 0.055288461538461536
35 0.27403846153846156 0.6802884615384616 0.07451923076923077 0.052884615384615384
9 0.2800480769230769 0.7415865384615384 0.07451923076923077 0.05048076923076923
99 0.5552884615384616 0.7067307692307693 0.06490384615384616 0.04567307692307692
110 0.5588942307692307 0.6478365384615384 0.06971153846153846 0.05048076923076923
111 0.5637019230769231 0.5853365384615384 0.06971153846153846 0.052884615384615384
113 0.5685096153846154 0.5168269230769231 0.06971153846153846 0.052884615384615384
10 0.5745192307692307 0.44471153846153844 0.07451923076923077 0.055288461538461536
272 0.34975961538461536 0.9459134615384616 0.04567307692307692 0.036057692307692304