259 0.5997596153846154 0.109375 0.07932692307692307 0.0625
113 0.44591346153846156 0.21634615384615385 0.07211538461538461 0.057692307692307696
10 0.5841346153846154 0.20552884615384615 0.07932692307692307 0.06009615384615385
11 0.7391826923076923 0.1935096153846154 0.08653846153846154 0.06490384615384616
99 0.42908653846153844 0.3112980769230769 0.07451923076923077 0.055288461538461536
110 0.5673076923076923 0.30649038461538464 0.07932692307692307 0.057692307692307696
111 0.7235576923076923 0.29927884615384615 0.09134615384615384 0.06490384615384616
53 0.41225961538461536 0.40625 0.07451923076923077 0.055288461538461536
72 0.5492788461538461 0.4074519230769231 0.07932692307692307 0.06009615384615385
85 0.7079326923076923 0.40865384615384615 0.08653846153846154 0.06490384615384616
152 0.3942307692307692 0.5060096153846154 0.07451923076923077 0.06009615384615385
9 0.5324519230769231 0.5108173076923077 0.08173076923076923 0.0625
35 0.6935096153846154 0.5204326923076923 0.08653846153846154 0.0673076923076923
264 0.37259615384615385 0.6081730769230769 0.07451923076923077 0.06490384615384616
275 0.6766826923076923 0.6394230769230769 0.08653846153846154 0.07451923076923077