10 0.515625 0.16826923076923078 0.038461538461538464 0.07211538461538461
111 0.4567307692307692 0.2980769230769231 0.040865384615384616 0.06971153846153846
113 0.5721153846153846 0.2980769230769231 0.038461538461538464 0.0673076923076923
99 0.4579326923076923 0.38822115384615385 0.040865384615384616 0.06971153846153846
110 0.5709134615384616 0.3870192307692308 0.040865384615384616 0.07451923076923077
72 0.4567307692307692 0.4795673076923077 0.040865384615384616 0.06971153846153846
85 0.5697115384615384 0.4723557692307692 0.040865384615384616 0.0673076923076923
35 0.4579326923076923 0.5673076923076923 0.040865384615384616 0.07451923076923077
53 0.5697115384615384 0.5576923076923077 0.038461538461538464 0.07451923076923077
152 0.4579326923076923 0.6550480769230769 0.040865384615384616 0.06971153846153846
187 0.5685096153846154 0.6454326923076923 0.038461538461538464 0.06490384615384616
354 0.5132211538461539 0.7752403846153846 0.036057692307692304 0.0625