273 0.5360576923076923 0.3161057692307692 0.31490384615384615 0.16826923076923078
9 0.43149038461538464 0.5084134615384616 0.06971153846153846 0.05048076923076923
35 0.5252403846153846 0.5096153846153846 0.07211538461538461 0.04807692307692308
53 0.6189903846153846 0.5096153846153846 0.07211538461538461 0.04807692307692308
72 0.4326923076923077 0.5709134615384616 0.06971153846153846 0.04807692307692308
85 0.5228365384615384 0.5709134615384616 0.06971153846153846 0.04807692307692308
99 0.6153846153846154 0.5709134615384616 0.06971153846153846 0.04567307692307692
110 0.4338942307692308 0.6286057692307693 0.06971153846153846 0.04326923076923077
111 0.5240384615384616 0.6286057692307693 0.07211538461538461 0.04326923076923077
113 0.6129807692307693 0.6298076923076923 0.07451923076923077 0.04567307692307692
168 0.43509615384615385 0.6850961538461539 0.0673076923076923 0.04326923076923077
8 0.5216346153846154 0.6850961538461539 0.0673076923076923 0.040865384615384616
0 0.609375 0.6850961538461539 0.06971153846153846 0.04326923076923077
131 0.5204326923076923 0.7536057692307693 0.0673076923076923 0.038461538461538464
273 0.5192307692307693 0.8269230769230769 0.2980769230769231 0.06009615384615385