356 0.6766826923076923 0.37259615384615385 0.0985576923076923 0.07451923076923077
117 0.5432692307692307 0.3581730769230769 0.05048076923076923 0.038461538461538464
10 0.5432692307692307 0.4567307692307692 0.04807692307692308 0.036057692307692304
111 0.5420673076923077 0.5204326923076923 0.04807692307692308 0.036057692307692304
113 0.671875 0.5240384615384616 0.05048076923076923 0.038461538461538464
99 0.5432692307692307 0.5817307692307693 0.04807692307692308 0.038461538461538464
110 0.6706730769230769 0.5865384615384616 0.04567307692307692 0.036057692307692304
72 0.5432692307692307 0.640625 0.04807692307692308 0.036057692307692304
85 0.6682692307692307 0.6466346153846154 0.04807692307692308 0.036057692307692304
152 0.5432692307692307 0.6983173076923077 0.04567307692307692 0.036057692307692304
53 0.6670673076923077 0.7055288461538461 0.04807692307692308 0.036057692307692304
323 0.5432692307692307 0.78125 0.04326923076923077 0.03365384615384615
142 0.6622596153846154 0.7884615384615384 0.04807692307692308 0.03365384615384615
272 0.5408653846153846 0.8689903846153846 0.06009615384615385 0.055288461538461536
272 0.6622596153846154 0.8786057692307693 0.0625 0.052884615384615384