99 0.4639423076923077 0.19951923076923078 0.05048076923076923 0.09134615384615384
110 0.59375 0.23677884615384615 0.057692307692307696 0.0985576923076923
53 0.45913461538461536 0.32091346153846156 0.04807692307692308 0.08653846153846154
72 0.5204326923076923 0.3449519230769231 0.052884615384615384 0.09134615384615384
85 0.5841346153846154 0.3713942307692308 0.06009615384615385 0.0985576923076923
120 0.45552884615384615 0.4362980769230769 0.04807692307692308 0.08653846153846154
152 0.5108173076923077 0.4675480769230769 0.057692307692307696 0.09375
9 0.578125 0.5 0.057692307692307696 0.09615384615384616
264 0.45072115384615385 0.6502403846153846 0.04326923076923077 0.07932692307692307
259 0.5048076923076923 0.6887019230769231 0.05048076923076923 0.08173076923076923
275 0.5637019230769231 0.7295673076923077 0.052884615384615384 0.08413461538461539
273 0.4987980769230769 0.9098557692307693 0.14423076923076922 0.17548076923076922