274 0.38221153846153844 0.41466346153846156 0.05048076923076923 0.06490384615384616
274 0.47596153846153844 0.41225961538461536 0.05048076923076923 0.06490384615384616
272 0.5697115384615384 0.40865384615384615 0.05048076923076923 0.06490384615384616
272 0.47716346153846156 0.49278846153846156 0.05048076923076923 0.06490384615384616
272 0.5685096153846154 0.48677884615384615 0.05048076923076923 0.06490384615384616
110 0.34134615384615385 0.49399038461538464 0.05048076923076923 0.0673076923076923
110 0.3858173076923077 0.49278846153846156 0.04567307692307692 0.06009615384615385
72 0.3473557692307692 0.5685096153846154 0.052884615384615384 0.06009615384615385
72 0.3894230769230769 0.5661057692307693 0.04567307692307692 0.06009615384615385
85 0.4338942307692308 0.5637019230769231 0.04567307692307692 0.06009615384615385
85 0.47836538461538464 0.5625 0.04567307692307692 0.06009615384615385
99 0.5240384615384616 0.5600961538461539 0.05048076923076923 0.0625
99 0.5661057692307693 0.5564903846153846 0.04326923076923077 0.055288461538461536
9 0.34975961538461536 0.6334134615384616 0.052884615384615384 0.06009615384615385
9 0.3918269230769231 0.6346153846153846 0.052884615384615384 0.0625
35 0.4362980769230769 0.6334134615384616 0.052884615384615384 0.06009615384615385
35 0.4795673076923077 0.6286057692307693 0.052884615384615384 0.06009615384615385
53 0.5252403846153846 0.6274038461538461 0.05048076923076923 0.0625
53 0.5649038461538461 0.6262019230769231 0.04326923076923077 0.06009615384615385
275 0.3557692307692308 0.6995192307692307 0.04567307692307692 0.052884615384615384
260 0.39783653846153844 0.6947115384615384 0.04326923076923077 0.052884615384615384
260 0.40024038461538464 0.7560096153846154 0.04326923076923077 0.052884615384615384
259 0.359375 0.7560096153846154 0.04567307692307692 0.052884615384615384
289 0.5216346153846154 0.7512019230769231 0.04326923076923077 0.06009615384615385
363 0.5612980769230769 0.7536057692307693 0.04567307692307692 0.06490384615384616