273 0.625 0.18629807692307693 0.14182692307692307 0.0625
273 0.6225961538461539 0.2439903846153846 0.13942307692307693 0.06009615384615385
10 0.46274038461538464 0.4362980769230769 0.1346153846153846 0.06009615384615385
264 0.4639423076923077 0.7475961538461539 0.11778846153846154 0.052884615384615384
275 0.59375 0.7331730769230769 0.11538461538461539 0.05048076923076923
272 0.5300480769230769 0.7956730769230769 0.02403846153846154 0.019230769230769232
272 0.6141826923076923 0.8689903846153846 0.028846153846153848 0.019230769230769232
273 0.46153846153846156 0.3629807692307692 0.13701923076923078 0.057692307692307696
111 0.46153846153846156 0.484375 0.12740384615384615 0.052884615384615384
99 0.46153846153846156 0.5300480769230769 0.12980769230769232 0.055288461538461536
72 0.46274038461538464 0.5709134615384616 0.12980769230769232 0.055288461538461536
35 0.46274038461538464 0.6105769230769231 0.12740384615384615 0.05048076923076923
152 0.46274038461538464 0.6538461538461539 0.125 0.052884615384615384
170 0.4651442307692308 0.6911057692307693 0.125 0.05048076923076923
259 0.6177884615384616 0.3581730769230769 0.13221153846153846 0.0625
11 0.6117788461538461 0.43028846153846156 0.1346153846153846 0.055288461538461536
113 0.609375 0.47836538461538464 0.12980769230769232 0.057692307692307696
110 0.6069711538461539 0.5240384615384616 0.12740384615384615 0.05048076923076923
85 0.6033653846153846 0.5625 0.125 0.05048076923076923
53 0.5997596153846154 0.6045673076923077 0.12259615384615384 0.04807692307692308
9 0.5997596153846154 0.6430288461538461 0.1201923076923077 0.04807692307692308
169 0.5961538461538461 0.6802884615384616 0.1201923076923077 0.05048076923076923