72 0.6262019230769231 0.3605769230769231 0.09615384615384616 0.07451923076923077
35 0.5685096153846154 0.44471153846153844 0.09615384615384616 0.06971153846153846
53 0.6766826923076923 0.44591346153846156 0.09615384615384616 0.06971153846153846
187 0.5661057692307693 0.53125 0.09375 0.06971153846153846
187 0.6730769230769231 0.53125 0.09375 0.06971153846153846
168 0.6177884615384616 0.6177884615384616 0.09375 0.06490384615384616
119 0.5612980769230769 0.6995192307692307 0.09134615384615384 0.06490384615384616
119 0.6658653846153846 0.6971153846153846 0.09134615384615384 0.06490384615384616
275 0.6117788461538461 0.7800480769230769 0.09134615384615384 0.06490384615384616
259 0.5360576923076923 0.859375 0.04326923076923077 0.052884615384615384
260 0.578125 0.859375 0.038461538461538464 0.052884615384615384
289 0.6394230769230769 0.8557692307692307 0.04326923076923077 0.052884615384615384
363 0.6826923076923077 0.8569711538461539 0.038461538461538464 0.055288461538461536