324 0.44591346153846156 0.6586538461538461 0.14182692307692307 0.19471153846153846
364 0.44471153846153844 0.42908653846153844 0.1466346153846154 0.1971153846153846
360 0.8112980769230769 0.5504807692307693 0.13221153846153846 0.1971153846153846
53 0.6370192307692307 0.3173076923076923 0.15865384615384615 0.19471153846153846
53 0.8149038461538461 0.31971153846153844 0.13942307692307693 0.19230769230769232
20 0.8185096153846154 0.09615384615384616 0.13221153846153846 0.18990384615384615
20 0.6370192307692307 0.08774038461538461 0.16346153846153846 0.17548076923076922
266 0.44711538461538464 0.19591346153846154 0.14423076923076922 0.1971153846153846
129 0.2692307692307692 0.42427884615384615 0.15625 0.18509615384615385
243 0.2692307692307692 0.6586538461538461 0.15625 0.19230769230769232
229 0.6370192307692307 0.5564903846153846 0.15625 0.19230769230769232