99 0.5564903846153846 0.2403846153846154 0.038461538461538464 0.06971153846153846
84 0.5588942307692307 0.31009615384615385 0.03365384615384615 0.0625
85 0.5949519230769231 0.30288461538461536 0.03365384615384615 0.06490384615384616
53 0.5612980769230769 0.375 0.03365384615384615 0.0625
83 0.5961538461538461 0.36899038461538464 0.03365384615384615 0.06009615384615385
48 0.5612980769230769 0.4375 0.03365384615384615 0.0625
49 0.5973557692307693 0.4326923076923077 0.03365384615384615 0.06009615384615385
9 0.5649038461538461 0.5 0.036057692307692304 0.06009615384615385
187 0.5997596153846154 0.4951923076923077 0.03365384615384615 0.057692307692307696
275 0.5492788461538461 0.5769230769230769 0.03365384615384615 0.06009615384615385
259 0.5841346153846154 0.5721153846153846 0.03365384615384615 0.0625
264 0.6189903846153846 0.5661057692307693 0.03365384615384615 0.06009615384615385
272 0.5901442307692307 0.7608173076923077 0.03365384615384615 0.06009615384615385