263 0.5108173076923077 0.06009615384615385 0.06490384615384616 0.11057692307692307
110 0.38221153846153844 0.19951923076923078 0.052884615384615384 0.08653846153846154
260 0.43028846153846156 0.20192307692307693 0.04567307692307692 0.07932692307692307
111 0.5396634615384616 0.20552884615384615 0.055288461538461536 0.08173076923076923
111 0.5925480769230769 0.21033653846153846 0.04326923076923077 0.07932692307692307
85 0.3870192307692308 0.3293269230769231 0.052884615384615384 0.07451923076923077
85 0.4338942307692308 0.3329326923076923 0.04326923076923077 0.07211538461538461
99 0.5384615384615384 0.33774038461538464 0.052884615384615384 0.07451923076923077
99 0.5865384615384616 0.34134615384615385 0.04326923076923077 0.07211538461538461
53 0.390625 0.4519230769230769 0.05048076923076923 0.07211538461538461
53 0.4362980769230769 0.4519230769230769 0.038461538461538464 0.06971153846153846
72 0.5372596153846154 0.45913461538461536 0.04807692307692308 0.06971153846153846
72 0.5829326923076923 0.46274038461538464 0.038461538461538464 0.06971153846153846
9 0.3954326923076923 0.5600961538461539 0.05048076923076923 0.06490384615384616
9 0.4387019230769231 0.5637019230769231 0.038461538461538464 0.0625
35 0.5348557692307693 0.5697115384615384 0.05048076923076923 0.06971153846153846
35 0.5793269230769231 0.5733173076923077 0.038461538461538464 0.06490384615384616
275 0.39903846153846156 0.6598557692307693 0.04567307692307692 0.06009615384615385
354 0.4411057692307692 0.6658653846153846 0.036057692307692304 0.055288461538461536
264 0.5336538461538461 0.6742788461538461 0.04567307692307692 0.0625
331 0.5757211538461539 0.6766826923076923 0.038461538461538464 0.06009615384615385
259 0.4014423076923077 0.7536057692307693 0.04567307692307692 0.0625
320 0.4423076923076923 0.7572115384615384 0.038461538461538464 0.055288461538461536
289 0.53125 0.765625 0.04326923076923077 0.06009615384615385
262 0.5721153846153846 0.7704326923076923 0.036057692307692304 0.057692307692307696