53 0.38461538461538464 0.42908653846153844 0.10096153846153846 0.09134615384615384
72 0.5985576923076923 0.4014423076923077 0.09134615384615384 0.07692307692307693
9 0.38341346153846156 0.5144230769230769 0.10336538461538461 0.08653846153846154
35 0.5913461538461539 0.47836538461538464 0.08653846153846154 0.07692307692307693
285 0.38341346153846156 0.5925480769230769 0.10096153846153846 0.07692307692307693
275 0.3858173076923077 0.6838942307692307 0.09615384615384616 0.07451923076923077
264 0.5757211538461539 0.6382211538461539 0.07932692307692307 0.07451923076923077
259 0.38461538461538464 0.7512019230769231 0.09375 0.07692307692307693
263 0.484375 0.7247596153846154 0.08653846153846154 0.07451923076923077
260 0.5733173076923077 0.7067307692307693 0.07451923076923077 0.06490384615384616
323 0.4795673076923077 0.7920673076923077 0.08653846153846154 0.07211538461538461