259 0.4387019230769231 0.359375 0.08653846153846154 0.06490384615384616
22 0.38461538461538464 0.515625 0.07692307692307693 0.04807692307692308
24 0.5120192307692307 0.5132211538461539 0.07451923076923077 0.04807692307692308
10 0.3894230769230769 0.5685096153846154 0.07211538461538461 0.04326923076923077
16 0.5120192307692307 0.5649038461538461 0.07211538461538461 0.04326923076923077
99 0.3954326923076923 0.6165865384615384 0.06971153846153846 0.040865384615384616
111 0.5120192307692307 0.6141826923076923 0.06971153846153846 0.040865384615384616
53 0.39903846153846156 0.6622596153846154 0.0673076923076923 0.038461538461538464
72 0.5120192307692307 0.6574519230769231 0.0673076923076923 0.038461538461538464
9 0.4026442307692308 0.703125 0.06490384615384616 0.036057692307692304
35 0.5120192307692307 0.6995192307692307 0.06490384615384616 0.038461538461538464
187 0.5132211538461539 0.7379807692307693 0.0625 0.03365384615384615
275 0.41586538461538464 0.828125 0.057692307692307696 0.03125
264 0.5132211538461539 0.8221153846153846 0.057692307692307696 0.028846153846153848
272 0.47115384615384615 0.9375 0.03125 0.019230769230769232