354 0.32572115384615385 0.3762019230769231 0.07211538461538461 0.04807692307692308
331 0.44711538461538464 0.375 0.0673076923076923 0.04807692307692308
259 0.5661057692307693 0.3737980769230769 0.06971153846153846 0.04807692307692308
99 0.33413461538461536 0.46274038461538464 0.06971153846153846 0.04326923076923077
85 0.33774038461538464 0.5120192307692307 0.0673076923076923 0.04326923076923077
72 0.34134615384615385 0.5588942307692307 0.06490384615384616 0.040865384615384616
53 0.3449519230769231 0.6033653846153846 0.06490384615384616 0.040865384615384616
35 0.3485576923076923 0.6454326923076923 0.06009615384615385 0.038461538461538464
9 0.35096153846153844 0.6887019230769231 0.057692307692307696 0.038461538461538464
152 0.3545673076923077 0.7283653846153846 0.057692307692307696 0.036057692307692304
110 0.453125 0.7223557692307693 0.057692307692307696 0.036057692307692304
111 0.453125 0.6838942307692307 0.055288461538461536 0.036057692307692304
113 0.453125 0.6418269230769231 0.057692307692307696 0.038461538461538464
10 0.4519230769230769 0.5997596153846154 0.057692307692307696 0.038461538461538464
11 0.45072115384615385 0.5564903846153846 0.06009615384615385 0.038461538461538464
16 0.45072115384615385 0.5096153846153846 0.0625 0.040865384615384616
20 0.4495192307692308 0.46153846153846156 0.0625 0.04326923076923077
28 0.5600961538461539 0.46033653846153844 0.0625 0.04326923076923077
26 0.5588942307692307 0.5072115384615384 0.06009615384615385 0.038461538461538464
25 0.5564903846153846 0.5528846153846154 0.06009615384615385 0.038461538461538464
24 0.5552884615384616 0.5961538461538461 0.06009615384615385 0.038461538461538464
23 0.5540865384615384 0.6394230769230769 0.057692307692307696 0.03365384615384615
22 0.5528846153846154 0.6802884615384616 0.055288461538461536 0.036057692307692304
260 0.671875 0.4567307692307692 0.0673076923076923 0.04326923076923077
41 0.6670673076923077 0.5048076923076923 0.0625 0.038461538461538464
39 0.6634615384615384 0.5504807692307693 0.0625 0.038461538461538464
38 0.6586538461538461 0.5949519230769231 0.06009615384615385 0.038461538461538464
37 0.65625 0.6370192307692307 0.057692307692307696 0.036057692307692304
36 0.6526442307692307 0.6778846153846154 0.055288461538461536 0.036057692307692304