273 0.5144230769230769 0.08413461538461539 0.16346153846153846 0.06490384615384616
300 0.44471153846153844 0.21634615384615385 0.04807692307692308 0.036057692307692304
266 0.5853365384615384 0.23197115384615385 0.04326923076923077 0.036057692307692304
290 0.4387019230769231 0.28365384615384615 0.03365384615384615 0.02403846153846154
290 0.5841346153846154 0.29447115384615385 0.03125 0.02403846153846154
10 0.4423076923076923 0.38341346153846156 0.04567307692307692 0.03365384615384615
11 0.5889423076923077 0.390625 0.04326923076923077 0.03365384615384615
111 0.4411057692307692 0.4230769230769231 0.04807692307692308 0.036057692307692304
113 0.5877403846153846 0.42908653846153844 0.04326923076923077 0.03125
99 0.43990384615384615 0.46274038461538464 0.04567307692307692 0.03365384615384615
110 0.5877403846153846 0.46634615384615385 0.04326923076923077 0.03125
72 0.4387019230769231 0.5036057692307693 0.05048076923076923 0.03365384615384615
85 0.5877403846153846 0.5060096153846154 0.04326923076923077 0.028846153846153848
35 0.4387019230769231 0.5432692307692307 0.04807692307692308 0.03365384615384615
260 0.5865384615384616 0.5432692307692307 0.04326923076923077 0.028846153846153848
152 0.4362980769230769 0.5841346153846154 0.04807692307692308 0.03365384615384615
9 0.5865384615384616 0.5829326923076923 0.04326923076923077 0.028846153846153848
323 0.4375 0.6634615384615384 0.04567307692307692 0.03365384615384615
301 0.5841346153846154 0.6586538461538461 0.04326923076923077 0.03365384615384615
249 0.4362980769230769 0.7043269230769231 0.04807692307692308 0.03365384615384615
134 0.5841346153846154 0.6971153846153846 0.04326923076923077 0.03125
192 0.5108173076923077 0.8341346153846154 0.04567307692307692 0.036057692307692304
272 0.5060096153846154 0.8798076923076923 0.04567307692307692 0.036057692307692304
266 0.5901442307692307 0.8028846153846154 0.03365384615384615 0.028846153846153848
366 0.4182692307692308 0.8149038461538461 0.038461538461538464 0.028846153846153848