259 0.4987980769230769 0.11658653846153846 0.0985576923076923 0.0985576923076923
110 0.6009615384615384 0.25240384615384615 0.09375 0.0985576923076923
99 0.6057692307692307 0.3894230769230769 0.09375 0.09615384615384616
85 0.6117788461538461 0.5300480769230769 0.09615384615384616 0.09615384615384616
72 0.6177884615384616 0.6670673076923077 0.09134615384615384 0.09615384615384616
53 0.40625 0.25961538461538464 0.0985576923076923 0.0985576923076923
35 0.4110576923076923 0.4014423076923077 0.0985576923076923 0.0985576923076923
9 0.4182692307692308 0.5384615384615384 0.0985576923076923 0.09615384615384616
120 0.4254807692307692 0.6754807692307693 0.09615384615384616 0.09615384615384616
275 0.6213942307692307 0.8016826923076923 0.09134615384615384 0.09134615384615384
264 0.43149038461538464 0.8064903846153846 0.0889423076923077 0.0889423076923077