273 0.4651442307692308 0.21995192307692307 0.10576923076923077 0.04326923076923077
273 0.7307692307692307 0.25240384615384615 0.07451923076923077 0.03365384615384615
272 0.43028846153846156 0.2668269230769231 0.03125 0.02403846153846154
272 0.4963942307692308 0.27283653846153844 0.03125 0.02403846153846154
272 0.7079326923076923 0.2932692307692308 0.026442307692307692 0.021634615384615384
272 0.7560096153846154 0.296875 0.02403846153846154 0.021634615384615384
259 0.46153846153846156 0.32091346153846156 0.055288461538461536 0.04326923076923077
259 0.7295673076923077 0.3389423076923077 0.040865384615384616 0.038461538461538464
275 0.4266826923076923 0.3701923076923077 0.057692307692307696 0.04326923076923077
275 0.75 0.38341346153846156 0.040865384615384616 0.036057692307692304
264 0.49158653846153844 0.37259615384615385 0.055288461538461536 0.04326923076923077
264 0.703125 0.38100961538461536 0.04326923076923077 0.038461538461538464
24 0.42427884615384615 0.421875 0.06009615384615385 0.040865384615384616
44 0.49038461538461536 0.4230769230769231 0.055288461538461536 0.040865384615384616
23 0.4230769230769231 0.46274038461538464 0.0625 0.040865384615384616
43 0.4879807692307692 0.46153846153846156 0.055288461538461536 0.038461538461538464
16 0.421875 0.5036057692307693 0.0625 0.04326923076923077
42 0.48677884615384615 0.5024038461538461 0.055288461538461536 0.038461538461538464
11 0.4182692307692308 0.5432692307692307 0.06009615384615385 0.04326923076923077
39 0.4831730769230769 0.5420673076923077 0.057692307692307696 0.04326923076923077
10 0.4170673076923077 0.5841346153846154 0.06009615384615385 0.04326923076923077
38 0.4807692307692308 0.5793269230769231 0.057692307692307696 0.04326923076923077
113 0.4170673076923077 0.6237980769230769 0.057692307692307696 0.04326923076923077
37 0.47836538461538464 0.6177884615384616 0.057692307692307696 0.040865384615384616
111 0.41466346153846156 0.6622596153846154 0.057692307692307696 0.04326923076923077
36 0.47836538461538464 0.6550480769230769 0.052884615384615384 0.04326923076923077
110 0.41225961538461536 0.7007211538461539 0.057692307692307696 0.04326923076923077
28 0.47716346153846156 0.6935096153846154 0.055288461538461536 0.04326923076923077
99 0.41225961538461536 0.7391826923076923 0.057692307692307696 0.04567307692307692
26 0.47596153846153844 0.7307692307692307 0.055288461538461536 0.04326923076923077
152 0.4098557692307692 0.7776442307692307 0.055288461538461536 0.04326923076923077
25 0.47475961538461536 0.7668269230769231 0.052884615384615384 0.04326923076923077
365 0.7007211538461539 0.42427884615384615 0.04567307692307692 0.036057692307692304
365 0.7475961538461539 0.4254807692307692 0.040865384615384616 0.036057692307692304
365 0.6983173076923077 0.46033653846153844 0.04567307692307692 0.036057692307692304
365 0.7463942307692307 0.45913461538461536 0.040865384615384616 0.036057692307692304
365 0.6971153846153846 0.4951923076923077 0.04326923076923077 0.038461538461538464
365 0.7427884615384616 0.49399038461538464 0.040865384615384616 0.036057692307692304
365 0.6959134615384616 0.5300480769230769 0.04807692307692308 0.038461538461538464
365 0.7403846153846154 0.5276442307692307 0.04326923076923077 0.038461538461538464
365 0.6935096153846154 0.5637019230769231 0.04567307692307692 0.038461538461538464
365 0.7367788461538461 0.5600961538461539 0.04567307692307692 0.036057692307692304
365 0.6899038461538461 0.5973557692307693 0.04567307692307692 0.038461538461538464
365 0.7355769230769231 0.5925480769230769 0.040865384615384616 0.038461538461538464
365 0.6875 0.6322115384615384 0.04326923076923077 0.038461538461538464
111 0.7331730769230769 0.6262019230769231 0.040865384615384616 0.036057692307692304
365 0.6838942307692307 0.6658653846153846 0.04326923076923077 0.038461538461538464
365 0.7295673076923077 0.6586538461538461 0.04326923076923077 0.038461538461538464
365 0.6814903846153846 0.6983173076923077 0.04326923076923077 0.038461538461538464
365 0.7259615384615384 0.6911057692307693 0.04567307692307692 0.036057692307692304
365 0.6790865384615384 0.7295673076923077 0.04326923076923077 0.038461538461538464
365 0.7259615384615384 0.7223557692307693 0.04326923076923077 0.038461538461538464
272 0.4411057692307692 0.8413461538461539 0.02403846153846154 0.016826923076923076
260 0.6995192307692307 0.7860576923076923 0.021634615384615384 0.021634615384615384