259 0.4567307692307692 0.171875 0.036057692307692304 0.05048076923076923
275 0.3954326923076923 0.3293269230769231 0.038461538461538464 0.05048076923076923
264 0.45913461538461536 0.3245192307692308 0.03365384615384615 0.05048076923076923
85 0.39783653846153844 0.4639423076923077 0.038461538461538464 0.052884615384615384
10 0.46153846153846156 0.45552884615384615 0.03365384615384615 0.05048076923076923
72 0.40024038461538464 0.5276442307692307 0.038461538461538464 0.05048076923076923
113 0.46274038461538464 0.5168269230769231 0.03365384615384615 0.05048076923076923
53 0.4026442307692308 0.5901442307692307 0.038461538461538464 0.05048076923076923
111 0.4639423076923077 0.578125 0.03365384615384615 0.04807692307692308
35 0.4050480769230769 0.6526442307692307 0.036057692307692304 0.04807692307692308
110 0.4639423076923077 0.6370192307692307 0.03125 0.04807692307692308
9 0.40865384615384615 0.7139423076923077 0.038461538461538464 0.052884615384615384
99 0.4675480769230769 0.6959134615384616 0.03365384615384615 0.04807692307692308
119 0.4098557692307692 0.7716346153846154 0.036057692307692304 0.05048076923076923
272 0.44471153846153844 0.8786057692307693 0.016826923076923076 0.02403846153846154
273 0.42427884615384615 0.25841346153846156 0.10336538461538461 0.05048076923076923