323 0.30649038461538464 0.1201923076923077 0.15144230769230768 0.07692307692307693
288 0.48677884615384615 0.11899038461538461 0.14182692307692307 0.07451923076923077
259 0.6586538461538461 0.11658653846153846 0.13701923076923078 0.07451923076923077
16 0.31850961538461536 0.2692307692307692 0.13942307692307693 0.06971153846153846
22 0.6502403846153846 0.25841346153846156 0.12980769230769232 0.06971153846153846
113 0.3245192307692308 0.3581730769230769 0.13942307692307693 0.0673076923076923
10 0.48677884615384615 0.35216346153846156 0.13221153846153846 0.06490384615384616
11 0.6442307692307693 0.3473557692307692 0.12740384615384615 0.0625
99 0.3317307692307692 0.4411057692307692 0.13221153846153846 0.06009615384615385
110 0.4879807692307692 0.4338942307692308 0.125 0.0625
111 0.6394230769230769 0.4266826923076923 0.12259615384615384 0.06009615384615385
53 0.33533653846153844 0.5204326923076923 0.12259615384615384 0.06009615384615385
72 0.4879807692307692 0.5132211538461539 0.1201923076923077 0.06009615384615385
85 0.6358173076923077 0.5048076923076923 0.11778846153846154 0.057692307692307696
152 0.3401442307692308 0.59375 0.125 0.0625
9 0.4879807692307692 0.5853365384615384 0.11778846153846154 0.057692307692307696
35 0.6310096153846154 0.5793269230769231 0.11298076923076923 0.06009615384615385
122 0.34375 0.6622596153846154 0.12259615384615384 0.057692307692307696
121 0.4891826923076923 0.6538461538461539 0.11298076923076923 0.057692307692307696
120 0.6274038461538461 0.6466346153846154 0.11057692307692307 0.057692307692307696
275 0.35216346153846156 0.7608173076923077 0.11298076923076923 0.052884615384615384
264 0.6262019230769231 0.7415865384615384 0.10817307692307693 0.052884615384615384
261 0.49158653846153844 0.7487980769230769 0.11298076923076923 0.05048076923076923
261 0.35336538461538464 0.8209134615384616 0.10817307692307693 0.05048076923076923
261 0.49158653846153844 0.8112980769230769 0.11057692307692307 0.05048076923076923
261 0.6213942307692307 0.8016826923076923 0.10576923076923077 0.05048076923076923