273 0.5324519230769231 0.30649038461538464 0.09134615384615384 0.17548076923076922
263 0.5324519230769231 0.6742788461538461 0.028846153846153848 0.05048076923076923
275 0.5108173076923077 0.7800480769230769 0.028846153846153848 0.055288461538461536
264 0.5528846153846154 0.78125 0.03125 0.057692307692307696
99 0.5108173076923077 0.8581730769230769 0.03125 0.057692307692307696
16 0.5528846153846154 0.8605769230769231 0.03365384615384615 0.055288461538461536
85 0.5120192307692307 0.9170673076923077 0.03365384615384615 0.052884615384615384
10 0.5528846153846154 0.9158653846153846 0.03365384615384615 0.057692307692307696
72 0.5120192307692307 0.9711538461538461 0.03365384615384615 0.055288461538461536
113 0.5540865384615384 0.9723557692307693 0.03365384615384615 0.052884615384615384
264 0.7548076923076923 0.7884615384615384 0.02403846153846154 0.04567307692307692
365 0.7584134615384616 0.8689903846153846 0.026442307692307692 0.04807692307692308