275 0.3798076923076923 0.44350961538461536 0.10336538461538461 0.07451923076923077
259 0.5228365384615384 0.4423076923076923 0.10096153846153846 0.07211538461538461
260 0.6658653846153846 0.4411057692307692 0.0985576923076923 0.07211538461538461
39 0.38221153846153844 0.5456730769230769 0.10336538461538461 0.06971153846153846
42 0.47836538461538464 0.5444711538461539 0.0889423076923077 0.07451923076923077
43 0.5697115384615384 0.5456730769230769 0.09375 0.07211538461538461
44 0.6634615384615384 0.5444711538461539 0.09134615384615384 0.06971153846153846
28 0.38221153846153844 0.6237980769230769 0.09375 0.06490384615384616
36 0.47716346153846156 0.625 0.09134615384615384 0.0673076923076923
37 0.5709134615384616 0.625 0.09134615384615384 0.0673076923076923
38 0.6550480769230769 0.6225961538461539 0.09134615384615384 0.06490384615384616
23 0.38341346153846156 0.7007211538461539 0.09615384615384616 0.0673076923076923
24 0.47836538461538464 0.7007211538461539 0.0889423076923077 0.0673076923076923
25 0.5685096153846154 0.7019230769230769 0.09134615384615384 0.06971153846153846
260 0.6586538461538461 0.703125 0.0889423076923077 0.06971153846153846
260 0.38461538461538464 0.7740384615384616 0.0985576923076923 0.0673076923076923
260 0.4795673076923077 0.7752403846153846 0.09134615384615384 0.06490384615384616
11 0.5697115384615384 0.7752403846153846 0.09134615384615384 0.06490384615384616
16 0.6574519230769231 0.7776442307692307 0.08653846153846154 0.06490384615384616
260 0.3870192307692308 0.8509615384615384 0.09134615384615384 0.06971153846153846
260 0.47836538461538464 0.8521634615384616 0.08653846153846154 0.06971153846153846
260 0.5649038461538461 0.8521634615384616 0.08413461538461539 0.06971153846153846
260 0.6514423076923077 0.8533653846153846 0.09134615384615384 0.07211538461538461
260 0.38822115384615385 0.9206730769230769 0.09375 0.0673076923076923
260 0.4807692307692308 0.9206730769230769 0.08653846153846154 0.0673076923076923
260 0.5661057692307693 0.9230769230769231 0.08173076923076923 0.06971153846153846
225 0.6514423076923077 0.921875 0.08653846153846154 0.0673076923076923