273 0.4879807692307692 0.07451923076923077 0.5432692307692307 0.052884615384615384
266 0.4891826923076923 0.1502403846153846 0.4014423076923077 0.038461538461538464
291 0.21634615384615385 0.3798076923076923 0.10096153846153846 0.02403846153846154
260 0.39903846153846156 0.3798076923076923 0.0985576923076923 0.02403846153846154
272 0.5853365384615384 0.3798076923076923 0.09615384615384616 0.02403846153846154
269 0.7668269230769231 0.3798076923076923 0.10096153846153846 0.02403846153846154
272 0.2127403846153846 0.42427884615384615 0.10096153846153846 0.02403846153846154
272 0.39663461538461536 0.4254807692307692 0.09375 0.02403846153846154
272 0.5865384615384616 0.4254807692307692 0.09615384615384616 0.02403846153846154
272 0.7644230769230769 0.4254807692307692 0.10096153846153846 0.02403846153846154
111 0.14423076923076922 0.6490384615384616 0.10576923076923077 0.02403846153846154
113 0.42427884615384615 0.6478365384615384 0.10576923076923077 0.02403846153846154
10 0.7079326923076923 0.6490384615384616 0.10576923076923077 0.021634615384615384
110 0.7067307692307693 0.6766826923076923 0.11057692307692307 0.02403846153846154
99 0.4266826923076923 0.6778846153846154 0.10817307692307693 0.02403846153846154
85 0.14423076923076922 0.6766826923076923 0.10817307692307693 0.02403846153846154
72 0.7091346153846154 0.7079326923076923 0.10576923076923077 0.021634615384615384
53 0.4254807692307692 0.7079326923076923 0.10576923076923077 0.021634615384615384
35 0.14423076923076922 0.7079326923076923 0.10576923076923077 0.021634615384615384
185 0.7115384615384616 0.7367788461538461 0.10576923076923077 0.02403846153846154
168 0.4254807692307692 0.7367788461538461 0.10576923076923077 0.02403846153846154
119 0.14423076923076922 0.7367788461538461 0.10576923076923077 0.02403846153846154
275 0.5661057692307693 0.7668269230769231 0.11298076923076923 0.021634615384615384
264 0.5649038461538461 0.7956730769230769 0.10576923076923077 0.02403846153846154
275 0.27884615384615385 0.7668269230769231 0.10576923076923077 0.02403846153846154
264 0.2776442307692308 0.7956730769230769 0.10336538461538461 0.021634615384615384
291 0.703125 0.7668269230769231 0.0985576923076923 0.02403846153846154
291 0.41346153846153844 0.7668269230769231 0.09375 0.021634615384615384
291 0.4182692307692308 0.7956730769230769 0.0985576923076923 0.02403846153846154
291 0.7043269230769231 0.7956730769230769 0.09615384615384616 0.021634615384615384
259 0.2776442307692308 0.8257211538461539 0.10817307692307693 0.02403846153846154
291 0.4170673076923077 0.8257211538461539 0.10576923076923077 0.026442307692307692
272 0.7067307692307693 0.8269230769230769 0.10576923076923077 0.02403846153846154
263 0.33413461538461536 0.8617788461538461 0.10336538461538461 0.02403846153846154
263 0.4963942307692308 0.8605769230769231 0.10817307692307693 0.02403846153846154
291 0.640625 0.8617788461538461 0.10576923076923077 0.02403846153846154
266 0.27283653846153844 0.6490384615384616 0.10096153846153846 0.02403846153846154
266 0.27283653846153844 0.6766826923076923 0.09615384615384616 0.02403846153846154
266 0.27163461538461536 0.7079326923076923 0.0985576923076923 0.02403846153846154
266 0.2692307692307692 0.7367788461538461 0.0985576923076923 0.02403846153846154
266 0.5600961538461539 0.6478365384615384 0.09615384615384616 0.02403846153846154
266 0.5576923076923077 0.6766826923076923 0.09615384615384616 0.021634615384615384
266 0.5588942307692307 0.7091346153846154 0.09615384615384616 0.021634615384615384
266 0.5600961538461539 0.7367788461538461 0.10096153846153846 0.021634615384615384
266 0.8401442307692307 0.6490384615384616 0.09615384615384616 0.021634615384615384
266 0.8377403846153846 0.6778846153846154 0.09134615384615384 0.021634615384615384
266 0.8389423076923077 0.7079326923076923 0.09134615384615384 0.021634615384615384
266 0.8413461538461539 0.7367788461538461 0.09615384615384616 0.02403846153846154