111 0.4495192307692308 0.2127403846153846 0.07692307692307693 0.10096153846153846
99 0.453125 0.3389423076923077 0.07211538461538461 0.09375
110 0.5552884615384616 0.34975961538461536 0.07211538461538461 0.09615384615384616
53 0.453125 0.4495192307692308 0.0673076923076923 0.09134615384615384
85 0.5528846153846154 0.46153846153846156 0.06971153846153846 0.09375
9 0.4567307692307692 0.5516826923076923 0.0625 0.08413461538461539
35 0.5504807692307693 0.5661057692307693 0.06490384615384616 0.08653846153846154
177 0.46033653846153844 0.640625 0.057692307692307696 0.08173076923076923
253 0.5480769230769231 0.65625 0.055288461538461536 0.07932692307692307
259 0.4206730769230769 0.7223557692307693 0.06009615384615385 0.07451923076923077
264 0.5060096153846154 0.7379807692307693 0.057692307692307696 0.06971153846153846
275 0.5925480769230769 0.7536057692307693 0.057692307692307696 0.08173076923076923
272 0.4254807692307692 0.8040865384615384 0.04326923076923077 0.06009615384615385
272 0.5877403846153846 0.8329326923076923 0.04807692307692308 0.06009615384615385
272 0.43149038461538464 0.8786057692307693 0.04567307692307692 0.05048076923076923
272 0.5841346153846154 0.9098557692307693 0.04807692307692308 0.052884615384615384