259 0.47596153846153844 0.06610576923076923 0.055288461538461536 0.10336538461538461
23 0.43149038461538464 0.22235576923076922 0.052884615384615384 0.09134615384615384
24 0.5180288461538461 0.22355769230769232 0.052884615384615384 0.09375
16 0.43149038461538464 0.31971153846153844 0.052884615384615384 0.0889423076923077
22 0.515625 0.3173076923076923 0.05048076923076923 0.08653846153846154
10 0.4338942307692308 0.41225961538461536 0.052884615384615384 0.08413461538461539
11 0.5132211538461539 0.41346153846153844 0.05048076923076923 0.08413461538461539
113 0.5144230769230769 0.5 0.04567307692307692 0.08413461538461539
111 0.4338942307692308 0.5 0.05048076923076923 0.08413461538461539
110 0.5108173076923077 0.5829326923076923 0.04567307692307692 0.07451923076923077
99 0.43509615384615385 0.5853365384615384 0.04567307692307692 0.07932692307692307
85 0.5120192307692307 0.6646634615384616 0.04567307692307692 0.07211538461538461
72 0.43509615384615385 0.6646634615384616 0.04567307692307692 0.07451923076923077
53 0.5096153846153846 0.7451923076923077 0.04326923076923077 0.07451923076923077
35 0.4375 0.7427884615384616 0.04807692307692308 0.06971153846153846
9 0.5096153846153846 0.8245192307692307 0.040865384615384616 0.07451923076923077
152 0.4375 0.8161057692307693 0.04807692307692308 0.07692307692307693
264 0.5096153846153846 0.921875 0.04326923076923077 0.06490384615384616
275 0.4375 0.9242788461538461 0.04326923076923077 0.06490384615384616
264 0.040865384615384616 0.9254807692307693 0.04567307692307692 0.06490384615384616
9 0.027644230769230768 0.8173076923076923 0.040865384615384616 0.06971153846153846
365 0.020432692307692308 0.7403846153846154 0.040865384615384616 0.07451923076923077
365 0.015625 0.6598557692307693 0.03125 0.08173076923076923