273 0.43149038461538464 0.21514423076923078 0.07692307692307693 0.24519230769230768
72 0.42427884615384615 0.9759615384615384 0.026442307692307692 0.04326923076923077
16 0.4567307692307692 0.9723557692307693 0.02403846153846154 0.04807692307692308
85 0.4230769230769231 0.9290865384615384 0.026442307692307692 0.05048076923076923
260 0.45552884615384615 0.9254807692307693 0.02403846153846154 0.04326923076923077
99 0.421875 0.8786057692307693 0.02403846153846154 0.05048076923076923
110 0.421875 0.8305288461538461 0.026442307692307692 0.04807692307692308
111 0.421875 0.7824519230769231 0.026442307692307692 0.04807692307692308
24 0.4543269230769231 0.78125 0.02403846153846154 0.04567307692307692
23 0.4543269230769231 0.8293269230769231 0.026442307692307692 0.05048076923076923
22 0.4567307692307692 0.8786057692307693 0.02403846153846154 0.04567307692307692
259 0.453125 0.7211538461538461 0.02403846153846154 0.04567307692307692