265 0.5048076923076923 0.07692307692307693 0.04807692307692308 0.06009615384615385
366 0.6574519230769231 0.09375 0.04807692307692308 0.057692307692307696
291 0.4891826923076923 0.20673076923076922 0.10096153846153846 0.06490384615384616
291 0.6418269230769231 0.21754807692307693 0.09134615384615384 0.0625
232 0.6298076923076923 0.3173076923076923 0.09615384615384616 0.06009615384615385
99 0.6225961538461539 0.38461538461538464 0.09615384615384616 0.057692307692307696
85 0.6117788461538461 0.44711538461538464 0.09375 0.055288461538461536
72 0.6033653846153846 0.5096153846153846 0.09134615384615384 0.055288461538461536
53 0.4723557692307692 0.3786057692307692 0.09375 0.055288461538461536
35 0.4651442307692308 0.44471153846153844 0.09375 0.055288461538461536
188 0.45913461538461536 0.5084134615384616 0.09375 0.055288461538461536
9 0.4519230769230769 0.5697115384615384 0.0889423076923077 0.052884615384615384
120 0.44711538461538464 0.6286057692307693 0.08653846153846154 0.05048076923076923
272 0.5012019230769231 0.7487980769230769 0.04326923076923077 0.028846153846153848