266 0.578125 0.06610576923076923 0.07451923076923077 0.13221153846153846
266 0.40625 0.06490384615384616 0.06971153846153846 0.12980769230769232
272 0.49158653846153844 0.23317307692307693 0.06971153846153846 0.12259615384615384
272 0.4170673076923077 0.38461538461538464 0.055288461538461536 0.09375
272 0.5733173076923077 0.3954326923076923 0.06009615384615385 0.09615384615384616
272 0.5697115384615384 0.5384615384615384 0.055288461538461536 0.09134615384615384
35 0.4230769230769231 0.5216346153846154 0.055288461538461536 0.09134615384615384
9 0.5673076923076923 0.6682692307692307 0.052884615384615384 0.08653846153846154
152 0.4266826923076923 0.6478365384615384 0.05048076923076923 0.07932692307692307
260 0.5661057692307693 0.7848557692307693 0.05048076923076923 0.07692307692307693
323 0.43149038461538464 0.7632211538461539 0.05048076923076923 0.07451923076923077
323 0.43509615384615385 0.8689903846153846 0.04567307692307692 0.0673076923076923
363 0.5661057692307693 0.8930288461538461 0.04326923076923077 0.06971153846153846