273 0.5360576923076923 0.53125 0.10096153846153846 0.04807692307692308
9 0.4074519230769231 0.6033653846153846 0.10576923076923077 0.055288461538461536
35 0.5348557692307693 0.6057692307692307 0.10576923076923077 0.052884615384615384
53 0.6610576923076923 0.6045673076923077 0.10576923076923077 0.05048076923076923
72 0.40625 0.6622596153846154 0.10817307692307693 0.05048076923076923
85 0.5324519230769231 0.6646634615384616 0.10576923076923077 0.052884615384615384
99 0.6598557692307693 0.6634615384615384 0.10576923076923077 0.052884615384615384
110 0.4098557692307692 0.7199519230769231 0.10336538461538461 0.05048076923076923
111 0.53125 0.7223557692307693 0.10817307692307693 0.05048076923076923
113 0.6574519230769231 0.7211538461538461 0.09615384615384616 0.05048076923076923
0 0.40865384615384615 0.7776442307692307 0.10576923076923077 0.05048076923076923
8 0.53125 0.7800480769230769 0.10576923076923077 0.05048076923076923
0 0.6550480769230769 0.7764423076923077 0.09615384615384616 0.05048076923076923
275 0.6526442307692307 0.8497596153846154 0.10096153846153846 0.05048076923076923
264 0.4098557692307692 0.8473557692307693 0.10096153846153846 0.057692307692307696
259 0.53125 0.8533653846153846 0.10576923076923077 0.05048076923076923