265 0.4735576923076923 0.4362980769230769 0.021634615384615384 0.02403846153846154
366 0.5336538461538461 0.4326923076923077 0.019230769230769232 0.021634615384615384
275 0.47475961538461536 0.4735576923076923 0.026442307692307692 0.028846153846153848
264 0.5324519230769231 0.4675480769230769 0.02403846153846154 0.026442307692307692
38 0.5300480769230769 0.5108173076923077 0.019230769230769232 0.021634615384615384
37 0.5300480769230769 0.5336538461538461 0.021634615384615384 0.019230769230769232
36 0.5300480769230769 0.5552884615384616 0.019230769230769232 0.019230769230769232
28 0.5300480769230769 0.578125 0.019230769230769232 0.019230769230769232
26 0.5300480769230769 0.5997596153846154 0.019230769230769232 0.019230769230769232
25 0.5300480769230769 0.6225961538461539 0.019230769230769232 0.019230769230769232
24 0.5300480769230769 0.6454326923076923 0.016826923076923076 0.019230769230769232
23 0.5288461538461539 0.6658653846153846 0.019230769230769232 0.019230769230769232
22 0.5288461538461539 0.6875 0.019230769230769232 0.019230769230769232
20 0.5300480769230769 0.7091346153846154 0.019230769230769232 0.019230769230769232
16 0.5288461538461539 0.7307692307692307 0.019230769230769232 0.019230769230769232
11 0.4807692307692308 0.5168269230769231 0.021634615384615384 0.019230769230769232
10 0.4795673076923077 0.5408653846153846 0.02403846153846154 0.019230769230769232
113 0.4807692307692308 0.5649038461538461 0.021634615384615384 0.019230769230769232
111 0.4807692307692308 0.5889423076923077 0.021634615384615384 0.019230769230769232
110 0.4807692307692308 0.6117788461538461 0.021634615384615384 0.021634615384615384
99 0.4807692307692308 0.6346153846153846 0.021634615384615384 0.019230769230769232
85 0.4807692307692308 0.6574519230769231 0.021634615384615384 0.019230769230769232
72 0.4807692307692308 0.6802884615384616 0.021634615384615384 0.021634615384615384
53 0.4807692307692308 0.703125 0.021634615384615384 0.021634615384615384
35 0.4807692307692308 0.7259615384615384 0.019230769230769232 0.019230769230769232
9 0.4807692307692308 0.7475961538461539 0.019230769230769232 0.019230769230769232
260 0.4807692307692308 0.7704326923076923 0.019230769230769232 0.021634615384615384
291 0.5324519230769231 0.37259615384615385 0.016826923076923076 0.026442307692307692