273 0.4651442307692308 0.2091346153846154 0.10096153846153846 0.10817307692307693
25 0.41346153846153844 0.7463942307692307 0.028846153846153848 0.057692307692307696
26 0.49759615384615385 0.75 0.028846153846153848 0.055288461538461536
23 0.41225961538461536 0.8064903846153846 0.026442307692307692 0.052884615384615384
24 0.4951923076923077 0.8088942307692307 0.03125 0.055288461538461536
19 0.4110576923076923 0.8653846153846154 0.03365384615384615 0.055288461538461536
11 0.4098557692307692 0.9254807692307693 0.028846153846153848 0.057692307692307696
22 0.4963942307692308 0.8677884615384616 0.03125 0.055288461538461536
16 0.4951923076923077 0.9266826923076923 0.03125 0.057692307692307696
113 0.4074519230769231 0.9783653846153846 0.03125 0.040865384615384616
10 0.49399038461538464 0.9795673076923077 0.028846153846153848 0.038461538461538464