272 0.5661057692307693 0.06009615384615385 0.02403846153846154 0.03125
272 0.44471153846153844 0.2548076923076923 0.03125 0.04326923076923077
272 0.4891826923076923 0.25721153846153844 0.03125 0.04326923076923077
272 0.5336538461538461 0.25841346153846156 0.03365384615384615 0.04326923076923077
269 0.578125 0.2608173076923077 0.03125 0.04326923076923077
273 0.5084134615384616 0.42788461538461536 0.11298076923076923 0.0889423076923077
188 0.4891826923076923 0.5228365384615384 0.03125 0.038461538461538464
323 0.5252403846153846 0.5240384615384616 0.03125 0.038461538461538464
323 0.5240384615384616 0.5805288461538461 0.028846153846153848 0.040865384615384616
323 0.5228365384615384 0.6370192307692307 0.028846153846153848 0.038461538461538464
169 0.4879807692307692 0.5805288461538461 0.03125 0.040865384615384616
280 0.4879807692307692 0.6370192307692307 0.03125 0.038461538461538464
194 0.48677884615384615 0.6923076923076923 0.03125 0.040865384615384616
275 0.4483173076923077 0.7463942307692307 0.028846153846153848 0.038461538461538464
264 0.5252403846153846 0.7475961538461539 0.028846153846153848 0.038461538461538464
259 0.44711538461538464 0.8004807692307693 0.028846153846153848 0.038461538461538464
289 0.5240384615384616 0.8028846153846154 0.028846153846153848 0.038461538461538464
263 0.484375 0.8557692307692307 0.028846153846153848 0.036057692307692304
323 0.5216346153846154 0.6935096153846154 0.028846153846153848 0.038461538461538464
323 0.48197115384615385 0.7475961538461539 0.03125 0.038461538461538464
323 0.5600961538461539 0.7487980769230769 0.03125 0.038461538461538464
323 0.4807692307692308 0.8028846153846154 0.03125 0.038461538461538464
323 0.5192307692307693 0.8557692307692307 0.03125 0.038461538461538464
272 0.5576923076923077 0.8016826923076923 0.028846153846153848 0.040865384615384616