259 0.37740384615384615 0.22355769230769232 0.06009615384615385 0.04567307692307692
275 0.5336538461538461 0.22596153846153846 0.15865384615384615 0.08653846153846154
264 0.7007211538461539 0.22956730769230768 0.1466346153846154 0.08413461538461539
110 0.3786057692307692 0.33413461538461536 0.14182692307692307 0.07932692307692307
99 0.37740384615384615 0.41947115384615385 0.14182692307692307 0.07211538461538461
85 0.37740384615384615 0.4963942307692308 0.14423076923076922 0.0673076923076923
72 0.37740384615384615 0.5733173076923077 0.14182692307692307 0.06971153846153846
53 0.37740384615384615 0.6454326923076923 0.13942307692307693 0.06971153846153846
35 0.3798076923076923 0.7151442307692307 0.13701923076923078 0.06490384615384616
9 0.37740384615384615 0.7824519230769231 0.13221153846153846 0.06490384615384616
8 0.37740384615384615 0.8461538461538461 0.12740384615384615 0.06009615384615385
111 0.5120192307692307 0.8473557692307693 0.12740384615384615 0.06009615384615385
113 0.5144230769230769 0.7836538461538461 0.1346153846153846 0.0673076923076923
10 0.5180288461538461 0.7175480769230769 0.13221153846153846 0.06490384615384616
11 0.5204326923076923 0.6490384615384616 0.13701923076923078 0.0673076923076923
16 0.5240384615384616 0.5757211538461539 0.13942307692307693 0.06971153846153846
20 0.5276442307692307 0.5 0.14423076923076922 0.07451923076923077
22 0.5300480769230769 0.4206730769230769 0.14423076923076922 0.07692307692307693
23 0.5336538461538461 0.3389423076923077 0.1466346153846154 0.08173076923076923
39 0.6899038461538461 0.34375 0.14903846153846154 0.08413461538461539
38 0.6850961538461539 0.4266826923076923 0.14903846153846154 0.07692307692307693
37 0.6778846153846154 0.5048076923076923 0.14423076923076922 0.06971153846153846
36 0.671875 0.5793269230769231 0.14423076923076922 0.06971153846153846
28 0.6670673076923077 0.6514423076923077 0.14182692307692307 0.0673076923076923
26 0.6598557692307693 0.7211538461538461 0.13221153846153846 0.0673076923076923
25 0.6550480769230769 0.7884615384615384 0.13221153846153846 0.0625
24 0.6490384615384616 0.8521634615384616 0.12740384615384615 0.0625