38 0.7379807692307693 0.13341346153846154 0.14423076923076922 0.10576923076923077
37 0.5685096153846154 0.1310096153846154 0.1466346153846154 0.10576923076923077
36 0.3918269230769231 0.12980769230769232 0.1466346153846154 0.10817307692307693
28 0.8245192307692307 0.26322115384615385 0.14423076923076922 0.10096153846153846
26 0.6538461538461539 0.265625 0.13942307692307693 0.11057692307692307
25 0.48197115384615385 0.2644230769230769 0.1466346153846154 0.11298076923076923
24 0.30288461538461536 0.2644230769230769 0.14423076923076922 0.10817307692307693
23 0.8245192307692307 0.39663461538461536 0.13942307692307693 0.11057692307692307
22 0.65625 0.39903846153846156 0.14423076923076922 0.11057692307692307
16 0.4807692307692308 0.40024038461538464 0.14423076923076922 0.11057692307692307
11 0.30408653846153844 0.4014423076923077 0.1466346153846154 0.11538461538461539
10 0.8257211538461539 0.5228365384615384 0.14182692307692307 0.11057692307692307
113 0.6538461538461539 0.5300480769230769 0.14182692307692307 0.11298076923076923
110 0.3016826923076923 0.5360576923076923 0.14423076923076922 0.11778846153846154
53 0.3076923076923077 0.6706730769230769 0.1466346153846154 0.11538461538461539
111 0.4807692307692308 0.5336538461538461 0.14182692307692307 0.11057692307692307
72 0.4831730769230769 0.6682692307692307 0.14903846153846154 0.11778846153846154
283 0.48677884615384615 0.7992788461538461 0.15384615384615385 0.11538461538461539
202 0.3954326923076923 0.9338942307692307 0.13942307692307693 0.11538461538461539
195 0.5721153846153846 0.9266826923076923 0.14182692307692307 0.11538461538461539
85 0.6574519230769231 0.6622596153846154 0.13942307692307693 0.11538461538461539
99 0.8269230769230769 0.6574519230769231 0.13701923076923078 0.11538461538461539
35 0.6586538461538461 0.7932692307692307 0.1466346153846154 0.11538461538461539
232 0.7391826923076923 0.9194711538461539 0.13701923076923078 0.11538461538461539