35 0.22115384615384615 0.10697115384615384 0.17307692307692307 0.1875
53 0.5889423076923077 0.1045673076923077 0.17067307692307693 0.1875
152 0.24759615384615385 0.4206730769230769 0.1658653846153846 0.17307692307692307
9 0.5973557692307693 0.41586538461538464 0.16105769230769232 0.17548076923076922
275 0.3701923076923077 0.6418269230769231 0.0673076923076923 0.06971153846153846
264 0.5072115384615384 0.6382211538461539 0.06490384615384616 0.07451923076923077
259 0.6442307692307693 0.6358173076923077 0.06490384615384616 0.06971153846153846
272 0.25600961538461536 0.8701923076923077 0.07211538461538461 0.08413461538461539
272 0.390625 0.8677884615384616 0.0673076923076923 0.08653846153846154
272 0.5204326923076923 0.8605769230769231 0.06490384615384616 0.07932692307692307
272 0.6502403846153846 0.859375 0.07211538461538461 0.08173076923076923
266 0.23317307692307693 0.6430288461538461 0.07451923076923077 0.07211538461538461