291 0.4579326923076923 0.46153846153846156 0.03365384615384615 0.028846153846153848
323 0.5408653846153846 0.46033653846153844 0.03365384615384615 0.028846153846153848
16 0.46033653846153844 0.5697115384615384 0.038461538461538464 0.03125
20 0.5444711538461539 0.5649038461538461 0.03365384615384615 0.028846153846153848
11 0.5432692307692307 0.5949519230769231 0.038461538461538464 0.028846153846153848
10 0.46153846153846156 0.5997596153846154 0.040865384615384616 0.03125
113 0.5432692307692307 0.6237980769230769 0.036057692307692304 0.028846153846153848
111 0.46153846153846156 0.6298076923076923 0.040865384615384616 0.03125
110 0.5444711538461539 0.6526442307692307 0.036057692307692304 0.028846153846153848
99 0.46153846153846156 0.6598557692307693 0.038461538461538464 0.03125
85 0.5444711538461539 0.6814903846153846 0.036057692307692304 0.03125
72 0.46274038461538464 0.6899038461538461 0.038461538461538464 0.03125
53 0.5456730769230769 0.7103365384615384 0.036057692307692304 0.03125
35 0.46274038461538464 0.7211538461538461 0.038461538461538464 0.03125
260 0.5456730769230769 0.7403846153846154 0.038461538461538464 0.03125
152 0.4639423076923077 0.7512019230769231 0.040865384615384616 0.03365384615384615
323 0.5480769230769231 0.7932692307692307 0.028846153846153848 0.03125
323 0.4639423076923077 0.8064903846153846 0.03125 0.028846153846153848
272 0.5072115384615384 0.8461538461538461 0.021634615384615384 0.021634615384615384