272 0.49399038461538464 0.140625 0.0625 0.040865384615384616
288 0.5709134615384616 0.14903846153846154 0.06009615384615385 0.038461538461538464
259 0.4963942307692308 0.18629807692307693 0.06490384615384616 0.040865384615384616
266 0.5709134615384616 0.19471153846153846 0.06009615384615385 0.038461538461538464
28 0.49759615384615385 0.2548076923076923 0.06009615384615385 0.036057692307692304
26 0.5721153846153846 0.30649038461538464 0.055288461538461536 0.036057692307692304
25 0.4963942307692308 0.3016826923076923 0.0625 0.038461538461538464
24 0.5721153846153846 0.35216346153846156 0.06009615384615385 0.036057692307692304
23 0.4987980769230769 0.3485576923076923 0.0625 0.036057692307692304
22 0.5733173076923077 0.39663461538461536 0.057692307692307696 0.03365384615384615
20 0.4987980769230769 0.39302884615384615 0.06490384615384616 0.036057692307692304
16 0.5733173076923077 0.4411057692307692 0.06009615384615385 0.03365384615384615
11 0.4987980769230769 0.4411057692307692 0.06490384615384616 0.036057692307692304
10 0.5757211538461539 0.4855769230769231 0.06009615384615385 0.03365384615384615
113 0.5 0.4855769230769231 0.06490384615384616 0.036057692307692304
111 0.5757211538461539 0.5300480769230769 0.057692307692307696 0.03125
110 0.5012019230769231 0.53125 0.06009615384615385 0.03365384615384615
99 0.5769230769230769 0.5745192307692307 0.06490384615384616 0.03365384615384615
85 0.5012019230769231 0.5769230769230769 0.06009615384615385 0.03365384615384615
260 0.578125 0.6201923076923077 0.06009615384615385 0.03365384615384615
53 0.5024038461538461 0.6237980769230769 0.0625 0.036057692307692304
266 0.5769230769230769 0.6646634615384616 0.06009615384615385 0.03365384615384615
260 0.5024038461538461 0.6694711538461539 0.06490384615384616 0.036057692307692304
260 0.5805288461538461 0.7319711538461539 0.06009615384615385 0.03365384615384615
260 0.5048076923076923 0.7391826923076923 0.06009615384615385 0.036057692307692304
260 0.5805288461538461 0.7776442307692307 0.06009615384615385 0.036057692307692304
260 0.5036057692307693 0.7860576923076923 0.0625 0.038461538461538464
238 0.5060096153846154 0.8329326923076923 0.055288461538461536 0.03365384615384615
260 0.5805288461538461 0.8233173076923077 0.055288461538461536 0.03365384615384615
260 0.5048076923076923 0.8798076923076923 0.06009615384615385 0.036057692307692304
260 0.5817307692307693 0.8689903846153846 0.06009615384615385 0.036057692307692304