298 0.1971153846153846 0.27884615384615385 0.1201923076923077 0.10576923076923077
260 0.5925480769230769 0.29927884615384615 0.10096153846153846 0.09375
265 0.23918269230769232 0.4362980769230769 0.0985576923076923 0.0889423076923077
366 0.5396634615384616 0.44711538461538464 0.08653846153846154 0.08653846153846154
266 0.3942307692307692 0.4411057692307692 0.09375 0.08173076923076923
10 0.25600961538461536 0.6598557692307693 0.11298076923076923 0.0985576923076923
11 0.5084134615384616 0.6586538461538461 0.10817307692307693 0.09375
260 0.5012019230769231 0.7620192307692307 0.10096153846153846 0.09375
111 0.25240384615384615 0.765625 0.11298076923076923 0.09375
110 0.4987980769230769 0.8641826923076923 0.10336538461538461 0.0889423076923077
260 0.2536057692307692 0.8725961538461539 0.10336538461538461 0.0889423076923077
85 0.49399038461538464 0.9567307692307693 0.10576923076923077 0.08173076923076923
72 0.25 0.9603365384615384 0.10817307692307693 0.07451923076923077