263 0.5949519230769231 0.18990384615384615 0.05048076923076923 0.0889423076923077
72 0.5564903846153846 0.3918269230769231 0.04807692307692308 0.08173076923076923
53 0.5588942307692307 0.4879807692307692 0.04807692307692308 0.08413461538461539
35 0.5612980769230769 0.5841346153846154 0.04807692307692308 0.08173076923076923
9 0.5637019230769231 0.6754807692307693 0.04807692307692308 0.07692307692307693
85 0.6454326923076923 0.7548076923076923 0.04567307692307692 0.07451923076923077
99 0.6430288461538461 0.6634615384615384 0.04567307692307692 0.07932692307692307
111 0.640625 0.47716346153846156 0.04567307692307692 0.07932692307692307
232 0.6382211538461539 0.38461538461538464 0.04567307692307692 0.08173076923076923
119 0.6418269230769231 0.5721153846153846 0.04326923076923077 0.07692307692307693
121 0.5649038461538461 0.7692307692307693 0.04567307692307692 0.08173076923076923
275 0.5697115384615384 0.9495192307692307 0.06009615384615385 0.08173076923076923
264 0.6454326923076923 0.9350961538461539 0.04326923076923077 0.07692307692307693