273 0.2127403846153846 0.21995192307692307 0.19471153846153846 0.22596153846153846
259 0.4987980769230769 0.2127403846153846 0.09134615384615384 0.052884615384615384
16 0.43509615384615385 0.3641826923076923 0.07932692307692307 0.04326923076923077
22 0.5661057692307693 0.36899038461538464 0.08413461538461539 0.04807692307692308
11 0.5649038461538461 0.4170673076923077 0.08173076923076923 0.04807692307692308
10 0.4362980769230769 0.4110576923076923 0.08173076923076923 0.04807692307692308
113 0.5637019230769231 0.46153846153846156 0.07932692307692307 0.04567307692307692
111 0.43990384615384615 0.453125 0.07932692307692307 0.040865384615384616
110 0.5625 0.5048076923076923 0.08173076923076923 0.04326923076923077
99 0.43990384615384615 0.4987980769230769 0.07932692307692307 0.040865384615384616
85 0.5600961538461539 0.5480769230769231 0.07932692307692307 0.04326923076923077
72 0.43990384615384615 0.5396634615384616 0.07451923076923077 0.04326923076923077
53 0.5588942307692307 0.5877403846153846 0.07932692307692307 0.04326923076923077
35 0.4411057692307692 0.5793269230769231 0.07451923076923077 0.040865384615384616
187 0.5600961538461539 0.6274038461538461 0.07692307692307693 0.04326923076923077
9 0.4423076923076923 0.6177884615384616 0.07451923076923077 0.040865384615384616
275 0.44711538461538464 0.7608173076923077 0.09134615384615384 0.040865384615384616
264 0.5564903846153846 0.7704326923076923 0.06490384615384616 0.040865384615384616
273 0.8221153846153846 0.22596153846153846 0.23557692307692307 0.24759615384615385