291 0.5024038461538461 0.36778846153846156 0.0625 0.04567307692307692
37 0.42788461538461536 0.6057692307692307 0.055288461538461536 0.04326923076923077
38 0.5793269230769231 0.6057692307692307 0.052884615384615384 0.038461538461538464
36 0.5793269230769231 0.6574519230769231 0.055288461538461536 0.040865384615384616
28 0.42788461538461536 0.6574519230769231 0.052884615384615384 0.04326923076923077
26 0.5805288461538461 0.7103365384615384 0.052884615384615384 0.04326923076923077
25 0.42788461538461536 0.7103365384615384 0.052884615384615384 0.04326923076923077
24 0.5805288461538461 0.7620192307692307 0.052884615384615384 0.04326923076923077
23 0.4266826923076923 0.7620192307692307 0.055288461538461536 0.04326923076923077
22 0.5793269230769231 0.8125 0.052884615384615384 0.04567307692307692
20 0.4266826923076923 0.8125 0.055288461538461536 0.04567307692307692
16 0.5817307692307693 0.8641826923076923 0.05048076923076923 0.04567307692307692
11 0.42788461538461536 0.8641826923076923 0.055288461538461536 0.04326923076923077
9 0.43149038461538464 0.9146634615384616 0.052884615384615384 0.04567307692307692