266 0.47716346153846156 0.2668269230769231 0.028846153846153848 0.055288461538461536
266 0.4795673076923077 0.3317307692307692 0.028846153846153848 0.057692307692307696
266 0.5144230769230769 0.3317307692307692 0.028846153846153848 0.055288461538461536
266 0.5516826923076923 0.3293269230769231 0.028846153846153848 0.05048076923076923
266 0.5877403846153846 0.2620192307692308 0.028846153846153848 0.055288461538461536
259 0.5877403846153846 0.3269230769230769 0.028846153846153848 0.052884615384615384
213 0.4795673076923077 0.4074519230769231 0.028846153846153848 0.052884615384615384
215 0.5865384615384616 0.4050480769230769 0.028846153846153848 0.052884615384615384
211 0.5865384615384616 0.4675480769230769 0.028846153846153848 0.052884615384615384
207 0.5865384615384616 0.5300480769230769 0.028846153846153848 0.055288461538461536
203 0.5865384615384616 0.5949519230769231 0.028846153846153848 0.05048076923076923
199 0.5865384615384616 0.6538461538461539 0.028846153846153848 0.05048076923076923
264 0.5853365384615384 0.7259615384615384 0.028846153846153848 0.04807692307692308
275 0.4807692307692308 0.7307692307692307 0.028846153846153848 0.05048076923076923
152 0.4807692307692308 0.6586538461538461 0.028846153846153848 0.052884615384615384
202 0.4807692307692308 0.5985576923076923 0.028846153846153848 0.052884615384615384
206 0.4795673076923077 0.5348557692307693 0.028846153846153848 0.05048076923076923
210 0.4807692307692308 0.4723557692307692 0.03125 0.05048076923076923