61 0.4951923076923077 0.16706730769230768 0.07211538461538461 0.0673076923076923
62 0.5661057692307693 0.15865384615384615 0.07211538461538461 0.07211538461538461
60 0.5685096153846154 0.22355769230769232 0.07211538461538461 0.07211538461538461
59 0.49759615384615385 0.22956730769230768 0.07451923076923077 0.07211538461538461
57 0.5697115384615384 0.2848557692307692 0.06971153846153846 0.0673076923076923
56 0.5 0.2932692307692308 0.06971153846153846 0.0625
55 0.5697115384615384 0.34615384615384615 0.06971153846153846 0.0673076923076923
54 0.5 0.3545673076923077 0.06971153846153846 0.07692307692307693
47 0.5697115384615384 0.4050480769230769 0.06490384615384616 0.0673076923076923
46 0.5024038461538461 0.4170673076923077 0.06971153846153846 0.0673076923076923
44 0.5697115384615384 0.46274038461538464 0.0673076923076923 0.06009615384615385
43 0.5048076923076923 0.47475961538461536 0.0673076923076923 0.0625
42 0.5709134615384616 0.5204326923076923 0.06490384615384616 0.06009615384615385
41 0.5060096153846154 0.5336538461538461 0.06971153846153846 0.06490384615384616
39 0.5745192307692307 0.5745192307692307 0.0673076923076923 0.057692307692307696
38 0.5084134615384616 0.5877403846153846 0.06971153846153846 0.057692307692307696
37 0.5745192307692307 0.6310096153846154 0.0625 0.055288461538461536
72 0.5060096153846154 0.6382211538461539 0.0673076923076923 0.057692307692307696
84 0.5096153846153846 0.6923076923076923 0.0625 0.057692307692307696
168 0.5733173076923077 0.6814903846153846 0.06490384615384616 0.052884615384615384
259 0.5120192307692307 0.7451923076923077 0.06009615384615385 0.057692307692307696
275 0.515625 0.8473557692307693 0.0625 0.052884615384615384
264 0.5757211538461539 0.8341346153846154 0.06009615384615385 0.057692307692307696