265 0.5372596153846154 0.41225961538461536 0.021634615384615384 0.02403846153846154
366 0.6153846153846154 0.41466346153846156 0.021634615384615384 0.021634615384615384
266 0.5348557692307693 0.46033653846153844 0.03365384615384615 0.03125
266 0.6141826923076923 0.4579326923076923 0.03125 0.028846153846153848
38 0.609375 0.5108173076923077 0.02403846153846154 0.02403846153846154
36 0.609375 0.5396634615384616 0.026442307692307692 0.02403846153846154
26 0.6081730769230769 0.5685096153846154 0.026442307692307692 0.02403846153846154
24 0.6081730769230769 0.5985576923076923 0.026442307692307692 0.026442307692307692
22 0.6081730769230769 0.6262019230769231 0.026442307692307692 0.02403846153846154
260 0.6081730769230769 0.6538461538461539 0.026442307692307692 0.026442307692307692
260 0.5384615384615384 0.7235576923076923 0.028846153846153848 0.02403846153846154
9 0.5384615384615384 0.6947115384615384 0.028846153846153848 0.026442307692307692
35 0.5384615384615384 0.6658653846153846 0.026442307692307692 0.026442307692307692
72 0.5384615384615384 0.6346153846153846 0.028846153846153848 0.028846153846153848
99 0.5372596153846154 0.6033653846153846 0.026442307692307692 0.026442307692307692
111 0.5396634615384616 0.5745192307692307 0.028846153846153848 0.026442307692307692
10 0.5396634615384616 0.5456730769230769 0.028846153846153848 0.026442307692307692