25 0.4230769230769231 0.06610576923076923 0.08413461538461539 0.13221153846153846
24 0.25841346153846156 0.06971153846153846 0.09375 0.13942307692307693
23 0.08413461538461539 0.07932692307692307 0.09615384615384616 0.15865384615384615
22 0.42908653846153844 0.22716346153846154 0.07932692307692307 0.1346153846153846
20 0.27283653846153844 0.24278846153846154 0.08413461538461539 0.13942307692307693
16 0.10576923076923077 0.2620192307692308 0.0889423076923077 0.14903846153846154
11 0.4338942307692308 0.3858173076923077 0.07211538461538461 0.12740384615384615
10 0.2860576923076923 0.4074519230769231 0.07932692307692307 0.1346153846153846
113 0.12620192307692307 0.43149038461538464 0.08653846153846154 0.13221153846153846
111 0.43990384615384615 0.5300480769230769 0.07211538461538461 0.12259615384615384
110 0.2980769230769231 0.5540865384615384 0.07692307692307693 0.11538461538461539
99 0.14543269230769232 0.5829326923076923 0.08173076923076923 0.125
85 0.44350961538461536 0.6622596153846154 0.06971153846153846 0.11538461538461539
72 0.30649038461538464 0.6935096153846154 0.07211538461538461 0.11057692307692307
53 0.1622596153846154 0.7235576923076923 0.07692307692307693 0.11778846153846154
35 0.44711538461538464 0.7848557692307693 0.0673076923076923 0.10576923076923077
152 0.3173076923076923 0.8161057692307693 0.07451923076923077 0.11057692307692307
119 0.1778846153846154 0.8497596153846154 0.07932692307692307 0.11057692307692307
259 0.45072115384615385 0.9483173076923077 0.06490384615384616 0.0985576923076923