291 0.4254807692307692 0.20673076923076922 0.0625 0.052884615384615384
291 0.546875 0.21514423076923078 0.055288461538461536 0.05048076923076923
291 0.4266826923076923 0.30528846153846156 0.06490384615384616 0.04807692307692308
291 0.546875 0.3088942307692308 0.055288461538461536 0.05048076923076923
43 0.5480769230769231 0.5721153846153846 0.0625 0.05048076923076923
42 0.4338942307692308 0.5829326923076923 0.0625 0.055288461538461536
41 0.5492788461538461 0.6310096153846154 0.0625 0.05048076923076923
39 0.4375 0.6442307692307693 0.0673076923076923 0.057692307692307696
38 0.546875 0.6875 0.0625 0.052884615384615384
37 0.4375 0.7043269230769231 0.0673076923076923 0.052884615384615384
36 0.5480769230769231 0.7451923076923077 0.06009615384615385 0.05048076923076923
28 0.43990384615384615 0.7632211538461539 0.06490384615384616 0.052884615384615384
26 0.5492788461538461 0.8016826923076923 0.057692307692307696 0.052884615384615384
25 0.4411057692307692 0.8233173076923077 0.0625 0.052884615384615384
9 0.43990384615384615 0.8798076923076923 0.06490384615384616 0.052884615384615384
266 0.546875 0.8545673076923077 0.057692307692307696 0.04807692307692308