53 0.3629807692307692 0.15985576923076922 0.15144230769230768 0.1346153846153846
70 0.6574519230769231 0.20793269230769232 0.17067307692307693 0.14182692307692307
35 0.38100961538461536 0.2932692307692308 0.13701923076923078 0.11057692307692307
51 0.6490384615384616 0.34975961538461536 0.15865384615384615 0.1346153846153846
283 0.3954326923076923 0.39903846153846156 0.125 0.0985576923076923
152 0.6382211538461539 0.4495192307692308 0.14182692307692307 0.10096153846153846
264 0.4050480769230769 0.4807692307692308 0.1201923076923077 0.09375
275 0.4170673076923077 0.5625 0.11298076923076923 0.09134615384615384
264 0.6334134615384616 0.5444711538461539 0.12740384615384615 0.10576923076923077
275 0.6310096153846154 0.6189903846153846 0.11778846153846154 0.07932692307692307
289 0.625 0.7043269230769231 0.11057692307692307 0.10817307692307693
259 0.42908653846153844 0.6358173076923077 0.10096153846153846 0.09134615384615384
263 0.4963942307692308 0.7247596153846154 0.0985576923076923 0.08413461538461539