36 0.421875 0.12139423076923077 0.040865384615384616 0.07692307692307693
28 0.3449519230769231 0.1201923076923077 0.040865384615384616 0.07451923076923077
26 0.4963942307692308 0.2127403846153846 0.040865384615384616 0.06971153846153846
25 0.421875 0.21153846153846154 0.040865384615384616 0.07451923076923077
24 0.34615384615384615 0.2091346153846154 0.040865384615384616 0.07692307692307693
23 0.49759615384615385 0.29927884615384615 0.040865384615384616 0.07451923076923077
22 0.421875 0.2980769230769231 0.040865384615384616 0.06971153846153846
16 0.3473557692307692 0.296875 0.040865384615384616 0.07451923076923077
11 0.49759615384615385 0.38461538461538464 0.040865384615384616 0.07451923076923077
10 0.4230769230769231 0.38461538461538464 0.040865384615384616 0.07211538461538461
113 0.3485576923076923 0.38461538461538464 0.038461538461538464 0.07211538461538461
111 0.4963942307692308 0.4699519230769231 0.040865384615384616 0.07211538461538461
110 0.42427884615384615 0.4699519230769231 0.040865384615384616 0.07211538461538461
260 0.3485576923076923 0.4699519230769231 0.038461538461538464 0.0673076923076923
161 0.4963942307692308 0.5528846153846154 0.036057692307692304 0.06971153846153846
152 0.42427884615384615 0.5528846153846154 0.040865384615384616 0.0673076923076923
144 0.34975961538461536 0.5528846153846154 0.04326923076923077 0.07211538461538461
8 0.49759615384615385 0.6370192307692307 0.040865384615384616 0.06971153846153846
266 0.42427884615384615 0.6370192307692307 0.038461538461538464 0.06971153846153846
9 0.34975961538461536 0.6370192307692307 0.038461538461538464 0.06490384615384616
260 0.4963942307692308 0.7860576923076923 0.038461538461538464 0.07211538461538461
264 0.35096153846153844 0.7884615384615384 0.038461538461538464 0.07211538461538461
365 0.1310096153846154 0.11658653846153846 0.038461538461538464 0.07451923076923077
365 0.13341346153846154 0.20552884615384615 0.038461538461538464 0.0673076923076923
365 0.13581730769230768 0.2932692307692308 0.038461538461538464 0.0625
365 0.13701923076923078 0.3798076923076923 0.036057692307692304 0.06490384615384616
365 0.13822115384615385 0.46634615384615385 0.038461538461538464 0.06490384615384616
365 0.140625 0.5528846153846154 0.036057692307692304 0.06971153846153846
365 0.14182692307692307 0.6382211538461539 0.038461538461538464 0.06971153846153846
365 0.14543269230769232 0.7884615384615384 0.038461538461538464 0.06971153846153846