259 0.4879807692307692 0.3245192307692308 0.038461538461538464 0.036057692307692304
62 0.453125 0.43028846153846156 0.038461538461538464 0.036057692307692304
63 0.5192307692307693 0.43028846153846156 0.03365384615384615 0.038461538461538464
61 0.5180288461538461 0.48197115384615385 0.03365384615384615 0.03365384615384615
60 0.4519230769230769 0.4807692307692308 0.036057692307692304 0.03365384615384615
59 0.5168269230769231 0.5324519230769231 0.036057692307692304 0.03365384615384615
57 0.45072115384615385 0.5336538461538461 0.036057692307692304 0.03125
56 0.515625 0.5829326923076923 0.03365384615384615 0.03365384615384615
55 0.4495192307692308 0.5841346153846154 0.03365384615384615 0.028846153846153848
54 0.5144230769230769 0.6334134615384616 0.03365384615384615 0.03365384615384615
47 0.4495192307692308 0.6346153846153846 0.036057692307692304 0.03365384615384615
46 0.5132211538461539 0.6814903846153846 0.03125 0.03125
44 0.4495192307692308 0.6850961538461539 0.03365384615384615 0.028846153846153848
113 0.5132211538461539 0.7319711538461539 0.03365384615384615 0.03365384615384615
9 0.4495192307692308 0.7379807692307693 0.038461538461538464 0.038461538461538464
275 0.44711538461538464 0.8341346153846154 0.03365384615384615 0.028846153846153848
264 0.5108173076923077 0.8269230769230769 0.03365384615384615 0.03365384615384615