275 0.2439903846153846 0.10817307692307693 0.15865384615384615 0.10576923076923077
259 0.5588942307692307 0.1045673076923077 0.1466346153846154 0.0985576923076923
264 0.84375 0.10096153846153846 0.14182692307692307 0.09615384615384616
85 0.24639423076923078 0.3473557692307692 0.15865384615384615 0.10336538461538461
10 0.4519230769230769 0.33653846153846156 0.1466346153846154 0.0985576923076923
23 0.6442307692307693 0.3269230769230769 0.13221153846153846 0.0889423076923077
36 0.8173076923076923 0.31490384615384615 0.13221153846153846 0.08653846153846154
72 0.25 0.4987980769230769 0.15384615384615385 0.09134615384615384
113 0.453125 0.4831730769230769 0.14903846153846154 0.09134615384615384
22 0.6322115384615384 0.4651442307692308 0.13942307692307693 0.08413461538461539
28 0.8004807692307693 0.4519230769230769 0.125 0.08173076923076923
26 0.7884615384615384 0.5793269230769231 0.11538461538461539 0.07692307692307693
25 0.7704326923076923 0.6959134615384616 0.11298076923076923 0.06971153846153846
260 0.7572115384615384 0.8040865384615384 0.11057692307692307 0.0673076923076923
260 0.6021634615384616 0.8305288461538461 0.125 0.07211538461538461
260 0.44591346153846156 0.8545673076923077 0.1346153846153846 0.07692307692307693
260 0.2668269230769231 0.8834134615384616 0.14182692307692307 0.07692307692307693
35 0.2668269230769231 0.7668269230769231 0.1346153846153846 0.07932692307692307
110 0.44591346153846156 0.7427884615384616 0.1466346153846154 0.07451923076923077
16 0.6141826923076923 0.7175480769230769 0.125 0.07451923076923077
20 0.6262019230769231 0.5973557692307693 0.1346153846153846 0.08173076923076923
111 0.44711538461538464 0.6141826923076923 0.13701923076923078 0.07932692307692307
53 0.25600961538461536 0.6382211538461539 0.1466346153846154 0.08653846153846154