263 0.6370192307692307 0.31490384615384615 0.026442307692307692 0.04326923076923077
266 0.6346153846153846 0.39783653846153844 0.026442307692307692 0.04326923076923077
266 0.6778846153846154 0.39663461538461536 0.026442307692307692 0.04326923076923077
111 0.6790865384615384 0.4735576923076923 0.026442307692307692 0.04326923076923077
110 0.6790865384615384 0.5228365384615384 0.02403846153846154 0.040865384615384616
85 0.6790865384615384 0.5685096153846154 0.02403846153846154 0.038461538461538464
72 0.6802884615384616 0.6177884615384616 0.026442307692307692 0.040865384615384616
53 0.6358173076923077 0.5216346153846154 0.02403846153846154 0.04326923076923077
35 0.6358173076923077 0.5709134615384616 0.026442307692307692 0.040865384615384616
9 0.6370192307692307 0.6177884615384616 0.026442307692307692 0.040865384615384616
152 0.6382211538461539 0.6682692307692307 0.026442307692307692 0.04326923076923077
273 0.6550480769230769 0.24278846153846154 0.06971153846153846 0.04567307692307692