273 0.5120192307692307 0.328125 0.23076923076923078 0.16346153846153846
11 0.4411057692307692 0.4567307692307692 0.026442307692307692 0.04567307692307692
10 0.5877403846153846 0.5252403846153846 0.02403846153846154 0.04326923076923077
113 0.5600961538461539 0.5276442307692307 0.02403846153846154 0.04807692307692308
111 0.53125 0.5276442307692307 0.02403846153846154 0.04807692307692308
110 0.5 0.5300480769230769 0.026442307692307692 0.04807692307692308
99 0.4723557692307692 0.5348557692307693 0.02403846153846154 0.05048076923076923
85 0.44350961538461536 0.5384615384615384 0.028846153846153848 0.06009615384615385
264 0.5853365384615384 0.6418269230769231 0.03365384615384615 0.052884615384615384
275 0.5408653846153846 0.6454326923076923 0.03365384615384615 0.05048076923076923
263 0.4483173076923077 0.6538461538461539 0.036057692307692304 0.06971153846153846
131 0.6081730769230769 0.2127403846153846 0.03125 0.057692307692307696