111 0.5252403846153846 0.20552884615384615 0.10096153846153846 0.07211538461538461
110 0.6598557692307693 0.2091346153846154 0.10096153846153846 0.06971153846153846
99 0.5228365384615384 0.296875 0.0985576923076923 0.07451923076923077
85 0.6574519230769231 0.30288461538461536 0.10096153846153846 0.07211538461538461
72 0.5204326923076923 0.38822115384615385 0.0985576923076923 0.06971153846153846
53 0.6526442307692307 0.3942307692307692 0.10096153846153846 0.06971153846153846
35 0.5180288461538461 0.47596153846153844 0.09615384615384616 0.0673076923076923
9 0.6502403846153846 0.4831730769230769 0.0985576923076923 0.06971153846153846
181 0.5817307692307693 0.5697115384615384 0.09615384615384616 0.06971153846153846
259 0.5108173076923077 0.7764423076923077 0.09615384615384616 0.07211538461538461
289 0.6394230769230769 0.7884615384615384 0.09615384615384616 0.07211538461538461
275 0.5793269230769231 0.6995192307692307 0.10336538461538461 0.07451923076923077