9 0.4170673076923077 0.33052884615384615 0.12259615384615384 0.21875
35 0.515625 0.2932692307692308 0.10336538461538461 0.19951923076923078
53 0.6009615384615384 0.26322115384615385 0.09375 0.1778846153846154
72 0.4230769230769231 0.49278846153846156 0.11538461538461539 0.19471153846153846
85 0.5192307692307693 0.44591346153846156 0.09375 0.18509615384615385
99 0.5985576923076923 0.4026442307692308 0.07211538461538461 0.15865384615384615
110 0.4326923076923077 0.6370192307692307 0.08653846153846154 0.13701923076923078
111 0.5216346153846154 0.5853365384615384 0.08173076923076923 0.1346153846153846
113 0.5997596153846154 0.5348557692307693 0.06490384615384616 0.12740384615384615
276 0.43509615384615385 0.7572115384615384 0.0889423076923077 0.15625
8 0.5192307692307693 0.7067307692307693 0.0673076923076923 0.12740384615384615
0 0.59375 0.65625 0.0625 0.125
259 0.5192307692307693 0.8485576923076923 0.0625 0.12740384615384615
264 0.4423076923076923 0.9098557692307693 0.07451923076923077 0.12740384615384615
275 0.5901442307692307 0.7932692307692307 0.057692307692307696 0.12259615384615384