273 0.6069711538461539 0.1875 0.19471153846153846 0.12740384615384615
131 0.390625 0.21634615384615385 0.07932692307692307 0.12740384615384615
263 0.11177884615384616 0.4423076923076923 0.07932692307692307 0.10096153846153846
275 0.5492788461538461 0.38221153846153844 0.0889423076923077 0.09615384615384616
264 0.6538461538461539 0.3737980769230769 0.07211538461538461 0.10817307692307693
99 0.6358173076923077 0.5336538461538461 0.06009615384615385 0.0889423076923077
85 0.5444711538461539 0.546875 0.06971153846153846 0.0889423076923077
72 0.45072115384615385 0.5637019230769231 0.06490384615384616 0.10096153846153846
53 0.34975961538461536 0.578125 0.07451923076923077 0.08653846153846154
35 0.24519230769230768 0.59375 0.07451923076923077 0.09134615384615384
9 0.13942307692307693 0.6105769230769231 0.07692307692307693 0.09615384615384616