273 0.4651442307692308 0.35697115384615385 0.10576923076923077 0.06971153846153846
263 0.4326923076923077 0.2283653846153846 0.05048076923076923 0.04807692307692308
131 0.6153846153846154 0.22355769230769232 0.055288461538461536 0.08653846153846154
275 0.5528846153846154 0.3629807692307692 0.04326923076923077 0.0673076923076923
264 0.6117788461538461 0.36538461538461536 0.04326923076923077 0.0673076923076923
113 0.609375 0.4675480769230769 0.04807692307692308 0.07211538461538461
111 0.5504807692307693 0.46634615384615385 0.04567307692307692 0.07451923076923077
110 0.49278846153846156 0.4651442307692308 0.04567307692307692 0.0673076923076923
99 0.43509615384615385 0.4639423076923077 0.04807692307692308 0.06971153846153846
85 0.6069711538461539 0.5709134615384616 0.05048076923076923 0.07211538461538461
72 0.5492788461538461 0.5685096153846154 0.05048076923076923 0.06971153846153846
53 0.49158653846153844 0.5673076923076923 0.05048076923076923 0.0673076923076923
35 0.43509615384615385 0.5649038461538461 0.04567307692307692 0.06971153846153846
9 0.5480769230769231 0.6670673076923077 0.04807692307692308 0.0673076923076923
120 0.49158653846153844 0.6646634615384616 0.04807692307692308 0.06971153846153846
121 0.4375 0.6610576923076923 0.04567307692307692 0.06971153846153846