270 0.36177884615384615 0.1935096153846154 0.0625 0.11057692307692307
270 0.3605769230769231 0.3245192307692308 0.04807692307692308 0.08653846153846154
35 0.4170673076923077 0.4675480769230769 0.06009615384615385 0.11778846153846154
9 0.4182692307692308 0.5949519230769231 0.05048076923076923 0.10817307692307693
53 0.5300480769230769 0.49759615384615385 0.16346153846153846 0.125
291 0.3088942307692308 0.5649038461538461 0.057692307692307696 0.09375
152 0.4182692307692308 0.71875 0.057692307692307696 0.11298076923076923
35 0.5276442307692307 0.6322115384615384 0.15865384615384615 0.15865384615384615
9 0.5216346153846154 0.7536057692307693 0.16105769230769232 0.16346153846153846
291 0.21514423076923078 0.53125 0.11298076923076923 0.12980769230769232
365 0.3076923076923077 0.6754807692307693 0.052884615384615384 0.10096153846153846