131 0.4675480769230769 0.6838942307692307 0.07692307692307693 0.12980769230769232
121 0.5432692307692307 0.6742788461538461 0.06490384615384616 0.11538461538461539
291 0.390625 0.6694711538461539 0.08413461538461539 0.15865384615384615
265 0.3870192307692308 0.37259615384615385 0.028846153846153848 0.052884615384615384
121 0.44711538461538464 0.3713942307692308 0.026442307692307692 0.05048076923076923
120 0.6117788461538461 0.671875 0.0673076923076923 0.11538461538461539
9 0.6838942307692307 0.671875 0.06490384615384616 0.11538461538461539
35 0.5432692307692307 0.5012019230769231 0.0673076923076923 0.11778846153846154
53 0.6165865384615384 0.4987980769230769 0.0673076923076923 0.11778846153846154
72 0.6899038461538461 0.4987980769230769 0.0673076923076923 0.11778846153846154
120 0.5036057692307693 0.3713942307692308 0.028846153846153848 0.05048076923076923
9 0.5600961538461539 0.3713942307692308 0.028846153846153848 0.05048076923076923
35 0.6165865384615384 0.36899038461538464 0.028846153846153848 0.05048076923076923
53 0.671875 0.36778846153846156 0.028846153846153848 0.05048076923076923
72 0.7283653846153846 0.36899038461538464 0.028846153846153848 0.05048076923076923
366 0.7884615384615384 0.36899038461538464 0.028846153846153848 0.05048076923076923
291 0.78125 0.4951923076923077 0.0673076923076923 0.11778846153846154
291 0.7740384615384616 0.671875 0.0673076923076923 0.11778846153846154