47 0.16706730769230768 0.14903846153846154 0.19471153846153846 0.08653846153846154
227 0.8365384615384616 0.15144230769230768 0.19951923076923078 0.08173076923076923
228 0.6153846153846154 0.14903846153846154 0.19951923076923078 0.09134615384615384
54 0.3918269230769231 0.1466346153846154 0.19951923076923078 0.08173076923076923
46 0.828125 0.24759615384615385 0.18990384615384615 0.07932692307692307
44 0.6081730769230769 0.24639423076923078 0.1971153846153846 0.08173076923076923
43 0.3942307692307692 0.2439903846153846 0.1971153846153846 0.08173076923076923
42 0.1778846153846154 0.24639423076923078 0.1971153846153846 0.08413461538461539
39 0.8161057692307693 0.34134615384615385 0.18269230769230768 0.08413461538461539
38 0.6081730769230769 0.33774038461538464 0.18990384615384615 0.07692307692307693
37 0.39783653846153844 0.33774038461538464 0.19230769230769232 0.07932692307692307
36 0.18509615384615385 0.3389423076923077 0.18990384615384615 0.07932692307692307
28 0.8088942307692307 0.42788461538461536 0.18509615384615385 0.07932692307692307
26 0.6033653846153846 0.4266826923076923 0.18509615384615385 0.07451923076923077
25 0.40024038461538464 0.42788461538461536 0.18269230769230768 0.07451923076923077
24 0.19471153846153846 0.42788461538461536 0.1875 0.06971153846153846
23 0.7980769230769231 0.5096153846153846 0.17548076923076922 0.07211538461538461
16 0.6021634615384616 0.5072115384615384 0.18028846153846154 0.0673076923076923
11 0.4014423076923077 0.5108173076923077 0.18028846153846154 0.07211538461538461
10 0.20552884615384615 0.5072115384615384 0.18028846153846154 0.07211538461538461
113 0.7896634615384616 0.5877403846153846 0.1658653846153846 0.0673076923076923
111 0.5985576923076923 0.5853365384615384 0.17067307692307693 0.0673076923076923
110 0.40625 0.5865384615384616 0.17067307692307693 0.06971153846153846
99 0.21634615384615385 0.5841346153846154 0.17307692307692307 0.06490384615384616
85 0.78125 0.6586538461538461 0.16826923076923078 0.0625
53 0.59375 0.6574519230769231 0.16346153846153846 0.06490384615384616
35 0.40865384615384615 0.6586538461538461 0.17067307692307693 0.06009615384615385
281 0.2247596153846154 0.6598557692307693 0.16826923076923078 0.06009615384615385
195 0.6790865384615384 0.7247596153846154 0.16105769230769232 0.06009615384615385
202 0.5012019230769231 0.7223557692307693 0.15865384615384615 0.052884615384615384
206 0.32091346153846156 0.7235576923076923 0.15865384615384615 0.055288461538461536
264 0.5877403846153846 0.7872596153846154 0.15625 0.055288461538461536
275 0.41586538461538464 0.7860576923076923 0.15865384615384615 0.057692307692307696
259 0.4182692307692308 0.8425480769230769 0.14903846153846154 0.055288461538461536
289 0.5853365384615384 0.84375 0.15384615384615385 0.05048076923076923