72 0.42427884615384615 0.2800480769230769 0.057692307692307696 0.09375
53 0.42908653846153844 0.3918269230769231 0.052884615384615384 0.0889423076923077
35 0.43509615384615385 0.49158653846153844 0.052884615384615384 0.08413461538461539
277 0.4362980769230769 0.5817307692307693 0.04567307692307692 0.07692307692307693
275 0.38221153846153844 0.6911057692307693 0.04807692307692308 0.08413461538461539
264 0.49759615384615385 0.6670673076923077 0.05048076923076923 0.07932692307692307
259 0.3894230769230769 0.7740384615384616 0.052884615384615384 0.06971153846153846
263 0.4519230769230769 0.8990384615384616 0.04326923076923077 0.06490384615384616
272 0.546875 0.7415865384615384 0.04807692307692308 0.07211538461538461
323 0.4387019230769231 0.6826923076923077 0.04326923076923077 0.06971153846153846
323 0.5504807692307693 0.6538461538461539 0.04326923076923077 0.07451923076923077
323 0.44350961538461536 0.7620192307692307 0.04326923076923077 0.06971153846153846
323 0.4987980769230769 0.8858173076923077 0.036057692307692304 0.0625
266 0.49278846153846156 0.2704326923076923 0.057692307692307696 0.10096153846153846
266 0.49278846153846156 0.38461538461538464 0.04567307692307692 0.08653846153846154
266 0.49158653846153844 0.4807692307692308 0.052884615384615384 0.08653846153846154
266 0.4951923076923077 0.5745192307692307 0.04567307692307692 0.07692307692307693