264 0.5060096153846154 0.44471153846153844 0.036057692307692304 0.036057692307692304
275 0.43990384615384615 0.45072115384615385 0.038461538461538464 0.038461538461538464
20 0.5084134615384616 0.4879807692307692 0.038461538461538464 0.03365384615384615
11 0.5084134615384616 0.5276442307692307 0.036057692307692304 0.038461538461538464
113 0.5072115384615384 0.5685096153846154 0.036057692307692304 0.03365384615384615
110 0.5072115384615384 0.6069711538461539 0.03365384615384615 0.03365384615384615
85 0.5096153846153846 0.6466346153846154 0.03365384615384615 0.038461538461538464
53 0.4411057692307692 0.49399038461538464 0.038461538461538464 0.036057692307692304
35 0.4411057692307692 0.5348557692307693 0.038461538461538464 0.038461538461538464
9 0.44350961538461536 0.5757211538461539 0.040865384615384616 0.038461538461538464
253 0.44471153846153844 0.6177884615384616 0.036057692307692304 0.038461538461538464
152 0.44350961538461536 0.6586538461538461 0.038461538461538464 0.038461538461538464
259 0.4735576923076923 0.34615384615384615 0.038461538461538464 0.038461538461538464