42 0.43990384615384615 0.6646634615384616 0.07211538461538461 0.036057692307692304
43 0.5120192307692307 0.65625 0.0673076923076923 0.03365384615384615
37 0.43990384615384615 0.6935096153846154 0.07211538461538461 0.036057692307692304
26 0.4387019230769231 0.7223557692307693 0.07211538461538461 0.03365384615384615
23 0.4387019230769231 0.7487980769230769 0.07211538461538461 0.03365384615384615
10 0.43990384615384615 0.7776442307692307 0.07451923076923077 0.03365384615384615
38 0.5108173076923077 0.6850961538461539 0.0673076923076923 0.03125
28 0.5108173076923077 0.7115384615384616 0.0673076923076923 0.03125
24 0.5096153846153846 0.7391826923076923 0.0673076923076923 0.03365384615384615
11 0.5108173076923077 0.7668269230769231 0.0673076923076923 0.03365384615384615
39 0.578125 0.6754807692307693 0.06490384615384616 0.03125
36 0.5757211538461539 0.7019230769230769 0.06490384615384616 0.028846153846153848
25 0.5757211538461539 0.7283653846153846 0.06490384615384616 0.03125
16 0.5769230769230769 0.7536057692307693 0.06490384615384616 0.03125
113 0.5793269230769231 0.7992788461538461 0.0625 0.038461538461538464
99 0.5853365384615384 0.828125 0.0625 0.03365384615384615
110 0.44471153846153844 0.8245192307692307 0.07451923076923077 0.03365384615384615
72 0.4483173076923077 0.8533653846153846 0.07451923076923077 0.036057692307692304
152 0.45072115384615385 0.8822115384615384 0.07451923076923077 0.036057692307692304
111 0.5132211538461539 0.8112980769230769 0.0673076923076923 0.03365384615384615
85 0.5180288461538461 0.8389423076923077 0.06490384615384616 0.03365384615384615
264 0.5973557692307693 0.8870192307692307 0.06009615384615385 0.03365384615384615
263 0.5288461538461539 0.9026442307692307 0.0673076923076923 0.038461538461538464
275 0.45913461538461536 0.9206730769230769 0.06971153846153846 0.038461538461538464
259 0.46274038461538464 0.9495192307692307 0.06971153846153846 0.03365384615384615