259 0.34615384615384615 0.3713942307692308 0.10336538461538461 0.057692307692307696
263 0.6057692307692307 0.375 0.10817307692307693 0.06490384615384616
111 0.4735576923076923 0.4110576923076923 0.09615384615384616 0.05048076923076923
16 0.5985576923076923 0.44591346153846156 0.09375 0.052884615384615384
72 0.35336538461538464 0.44350961538461536 0.09375 0.055288461538461536
11 0.5877403846153846 0.5084134615384616 0.09375 0.055288461538461536
10 0.5817307692307693 0.5697115384615384 0.08653846153846154 0.05048076923076923
113 0.5697115384615384 0.6237980769230769 0.0889423076923077 0.04326923076923077
9 0.3545673076923077 0.6201923076923077 0.0889423076923077 0.04326923076923077
35 0.3581730769230769 0.5649038461538461 0.09375 0.04326923076923077
53 0.35096153846153844 0.5060096153846154 0.09375 0.04567307692307692
110 0.4699519230769231 0.47836538461538464 0.09615384615384616 0.05048076923076923
99 0.4699519230769231 0.5396634615384616 0.09615384615384616 0.05048076923076923
85 0.4639423076923077 0.5961538461538461 0.08653846153846154 0.04326923076923077
264 0.5637019230769231 0.6742788461538461 0.08653846153846154 0.04326923076923077
275 0.3545673076923077 0.6706730769230769 0.08653846153846154 0.04326923076923077
266 0.46153846153846156 0.6490384615384616 0.09134615384615384 0.040865384615384616