43 0.4963942307692308 0.296875 0.07451923076923077 0.0673076923076923
261 0.5697115384615384 0.8473557692307693 0.07211538461538461 0.0673076923076923
39 0.4951923076923077 0.3629807692307692 0.07451923076923077 0.0673076923076923
36 0.49399038461538464 0.4254807692307692 0.07451923076923077 0.06490384615384616
25 0.49399038461538464 0.48677884615384615 0.07451923076923077 0.0625
22 0.49278846153846156 0.5444711538461539 0.07211538461538461 0.06490384615384616
41 0.5733173076923077 0.3629807692307692 0.07451923076923077 0.0625
37 0.5721153846153846 0.4230769230769231 0.07451923076923077 0.0673076923076923
26 0.5709134615384616 0.4831730769230769 0.07211538461538461 0.06490384615384616
23 0.5685096153846154 0.5420673076923077 0.07451923076923077 0.06490384615384616
42 0.6502403846153846 0.36177884615384615 0.07451923076923077 0.06490384615384616
38 0.6478365384615384 0.4230769230769231 0.07451923076923077 0.0625
28 0.6466346153846154 0.48197115384615385 0.07451923076923077 0.06009615384615385
24 0.6454326923076923 0.5408653846153846 0.07451923076923077 0.06971153846153846
11 0.49158653846153844 0.6478365384615384 0.07451923076923077 0.0673076923076923
99 0.49158653846153844 0.7139423076923077 0.07451923076923077 0.07211538461538461
281 0.49278846153846156 0.7752403846153846 0.07451923076923077 0.0673076923076923
16 0.5685096153846154 0.6466346153846154 0.06971153846153846 0.06971153846153846
111 0.5673076923076923 0.7079326923076923 0.06971153846153846 0.06971153846153846
53 0.5685096153846154 0.7728365384615384 0.06971153846153846 0.0673076923076923
20 0.6430288461538461 0.6454326923076923 0.07211538461538461 0.0673076923076923
10 0.6430288461538461 0.7055288461538461 0.07211538461538461 0.0673076923076923
72 0.6442307692307693 0.7680288461538461 0.07211538461538461 0.06971153846153846
264 0.6442307692307693 0.8449519230769231 0.06971153846153846 0.06490384615384616
289 0.6454326923076923 0.9098557692307693 0.07211538461538461 0.06971153846153846
275 0.49278846153846156 0.8533653846153846 0.07211538461538461 0.06971153846153846