9 0.21634615384615385 0.38341346153846156 0.22115384615384615 0.15865384615384615
35 0.49158653846153844 0.38100961538461536 0.21153846153846154 0.15625
120 0.4963942307692308 0.5721153846153846 0.19951923076923078 0.13942307692307693
152 0.7475961538461539 0.5637019230769231 0.19230769230769232 0.13221153846153846
264 0.26802884615384615 0.7920673076923077 0.18990384615384615 0.125
259 0.4987980769230769 0.7860576923076923 0.18990384615384615 0.12259615384615384
275 0.7319711538461539 0.78125 0.1778846153846154 0.12259615384615384
266 0.1935096153846154 0.1658653846153846 0.24278846153846154 0.18269230769230768
266 0.4831730769230769 0.16105769230769232 0.23317307692307693 0.1875
266 0.7692307692307693 0.15625 0.23317307692307693 0.18509615384615385
266 0.7560096153846154 0.3701923076923077 0.22115384615384615 0.16826923076923078
266 0.2403846153846154 0.5745192307692307 0.21153846153846154 0.15144230769230768