131 0.4879807692307692 0.17908653846153846 0.052884615384615384 0.08173076923076923
365 0.5096153846153846 0.2668269230769231 0.040865384615384616 0.07932692307692307
365 0.43509615384615385 0.2692307692307692 0.028846153846153848 0.07451923076923077
365 0.4723557692307692 0.2644230769230769 0.03365384615384615 0.07211538461538461
39 0.4639423076923077 0.3870192307692308 0.07211538461538461 0.06009615384615385
41 0.5384615384615384 0.3870192307692308 0.06971153846153846 0.06490384615384616
38 0.5360576923076923 0.44350961538461536 0.06971153846153846 0.055288461538461536
37 0.46274038461538464 0.4423076923076923 0.07211538461538461 0.052884615384615384
36 0.5348557692307693 0.4951923076923077 0.06971153846153846 0.04807692307692308
28 0.4639423076923077 0.49399038461538464 0.07211538461538461 0.057692307692307696
26 0.5384615384615384 0.5528846153846154 0.07211538461538461 0.04807692307692308
25 0.46875 0.5456730769230769 0.07932692307692307 0.04567307692307692