272 0.4831730769230769 0.07211538461538461 0.036057692307692304 0.03125
272 0.5300480769230769 0.0829326923076923 0.03365384615384615 0.028846153846153848
272 0.5745192307692307 0.09615384615384616 0.03365384615384615 0.026442307692307692
259 0.5144230769230769 0.6838942307692307 0.038461538461538464 0.03125
22 0.5588942307692307 0.71875 0.03365384615384615 0.03365384615384615
16 0.5588942307692307 0.7620192307692307 0.03365384615384615 0.03365384615384615
10 0.5120192307692307 0.7271634615384616 0.03125 0.036057692307692304
111 0.5132211538461539 0.7692307692307693 0.03125 0.03365384615384615
99 0.5120192307692307 0.8112980769230769 0.03125 0.03365384615384615
72 0.4651442307692308 0.7367788461538461 0.03125 0.036057692307692304
35 0.4651442307692308 0.7776442307692307 0.03125 0.03365384615384615
9 0.4651442307692308 0.8209134615384616 0.03125 0.036057692307692304
275 0.46153846153846156 0.8617788461538461 0.03125 0.036057692307692304
264 0.5540865384615384 0.8389423076923077 0.03125 0.02403846153846154