11 0.3161057692307692 0.3329326923076923 0.13221153846153846 0.0889423076923077
20 0.6646634615384616 0.3317307692307692 0.125 0.09134615384615384
16 0.4951923076923077 0.33413461538461536 0.13221153846153846 0.09134615384615384
10 0.6598557692307693 0.4338942307692308 0.12259615384615384 0.0889423076923077
113 0.4891826923076923 0.43509615384615385 0.12740384615384615 0.0889423076923077
111 0.3233173076923077 0.4362980769230769 0.125 0.0889423076923077
110 0.6538461538461539 0.5276442307692307 0.11778846153846154 0.08413461538461539
99 0.4951923076923077 0.53125 0.13221153846153846 0.08653846153846154
85 0.3293269230769231 0.5300480769230769 0.12259615384615384 0.08413461538461539
72 0.6526442307692307 0.6189903846153846 0.11778846153846154 0.08413461538461539
53 0.4963942307692308 0.6189903846153846 0.11778846153846154 0.08413461538461539
35 0.33533653846153844 0.6225961538461539 0.12740384615384615 0.09134615384615384
9 0.6490384615384616 0.6971153846153846 0.11778846153846154 0.07211538461538461
168 0.49038461538461536 0.6995192307692307 0.12259615384615384 0.08173076923076923
120 0.3389423076923077 0.7007211538461539 0.12740384615384615 0.08413461538461539
275 0.3473557692307692 0.7944711538461539 0.11538461538461539 0.0625
264 0.6322115384615384 0.796875 0.10576923076923077 0.06971153846153846
259 0.4891826923076923 0.7956730769230769 0.11298076923076923 0.06490384615384616
261 0.4879807692307692 0.8725961538461539 0.11298076923076923 0.055288461538461536