273 0.5408653846153846 0.10817307692307693 0.06490384615384616 0.038461538461538464
259 0.5288461538461539 0.2247596153846154 0.016826923076923076 0.016826923076923076
275 0.5300480769230769 0.28966346153846156 0.03365384615384615 0.026442307692307692
264 0.5625 0.29086538461538464 0.03125 0.028846153846153848
260 0.5612980769230769 0.3329326923076923 0.03365384615384615 0.028846153846153848
260 0.5625 0.3581730769230769 0.03125 0.028846153846153848
260 0.5625 0.38341346153846156 0.03125 0.028846153846153848
260 0.5637019230769231 0.4098557692307692 0.03125 0.028846153846153848
260 0.5625 0.4362980769230769 0.028846153846153848 0.026442307692307692
23 0.5625 0.46033653846153844 0.028846153846153848 0.026442307692307692
260 0.5637019230769231 0.484375 0.028846153846153848 0.026442307692307692
20 0.5649038461538461 0.5108173076923077 0.028846153846153848 0.026442307692307692
16 0.5637019230769231 0.5348557692307693 0.028846153846153848 0.026442307692307692
11 0.5637019230769231 0.5576923076923077 0.028846153846153848 0.026442307692307692
10 0.5649038461538461 0.5829326923076923 0.028846153846153848 0.026442307692307692
113 0.53125 0.359375 0.03125 0.026442307692307692
111 0.53125 0.3870192307692308 0.03125 0.026442307692307692
110 0.53125 0.41225961538461536 0.03125 0.02403846153846154
99 0.5324519230769231 0.4362980769230769 0.03125 0.026442307692307692
85 0.5324519230769231 0.46634615384615385 0.03365384615384615 0.03125
72 0.5336538461538461 0.49158653846153844 0.03125 0.028846153846153848
53 0.5336538461538461 0.5168269230769231 0.03125 0.028846153846153848
35 0.5348557692307693 0.5408653846153846 0.028846153846153848 0.028846153846153848
9 0.5336538461538461 0.5661057692307693 0.03125 0.028846153846153848
260 0.5360576923076923 0.5913461538461539 0.028846153846153848 0.028846153846153848
260 0.5360576923076923 0.6129807692307693 0.028846153846153848 0.028846153846153848