131 0.1875 0.3088942307692308 0.10096153846153846 0.15625
275 0.8569711538461539 0.3858173076923077 0.06971153846153846 0.11298076923076923
264 0.8413461538461539 0.5168269230769231 0.06971153846153846 0.11298076923076923
259 0.8245192307692307 0.6274038461538461 0.06490384615384616 0.10336538461538461
72 0.5240384615384616 0.5036057692307693 0.0673076923076923 0.11057692307692307
53 0.4495192307692308 0.5036057692307693 0.0673076923076923 0.11057692307692307
35 0.734375 0.6262019230769231 0.0673076923076923 0.10817307692307693
9 0.6634615384615384 0.6237980769230769 0.0673076923076923 0.11057692307692307
120 0.5228365384615384 0.6225961538461539 0.06009615384615385 0.10576923076923077
266 0.7584134615384616 0.3798076923076923 0.0673076923076923 0.11538461538461539
266 0.7475961538461539 0.5024038461538461 0.0673076923076923 0.11538461538461539
266 0.6838942307692307 0.37740384615384615 0.06490384615384616 0.11538461538461539
266 0.6742788461538461 0.5012019230769231 0.0673076923076923 0.11538461538461539
266 0.6057692307692307 0.3737980769230769 0.06490384615384616 0.11538461538461539
266 0.5973557692307693 0.5024038461538461 0.06490384615384616 0.11538461538461539
266 0.5925480769230769 0.6153846153846154 0.06490384615384616 0.11538461538461539
266 0.53125 0.3713942307692308 0.0673076923076923 0.11538461538461539
266 0.4543269230769231 0.37259615384615385 0.0673076923076923 0.11538461538461539
266 0.44711538461538464 0.6117788461538461 0.0673076923076923 0.11538461538461539