10 0.47475961538461536 0.3473557692307692 0.0625 0.11298076923076923
10 0.31850961538461536 0.328125 0.06009615384615385 0.11057692307692307
10 0.4675480769230769 0.47115384615384615 0.0625 0.11298076923076923
10 0.31490384615384615 0.45072115384615385 0.06009615384615385 0.11057692307692307
10 0.4639423076923077 0.5865384615384616 0.057692307692307696 0.09615384615384616
10 0.31490384615384615 0.5673076923076923 0.06009615384615385 0.0985576923076923
10 0.45913461538461536 0.6971153846153846 0.057692307692307696 0.0985576923076923
10 0.3137019230769231 0.6778846153846154 0.06009615384615385 0.0985576923076923
10 0.45552884615384615 0.8028846153846154 0.06009615384615385 0.0985576923076923
10 0.3137019230769231 0.78125 0.055288461538461536 0.09134615384615384
10 0.4483173076923077 0.8990384615384616 0.055288461538461536 0.08173076923076923
10 0.3161057692307692 0.8786057692307693 0.055288461538461536 0.08173076923076923
10 0.38221153846153844 0.8870192307692307 0.052884615384615384 0.08173076923076923
10 0.5192307692307693 0.9050480769230769 0.055288461538461536 0.08173076923076923
266 0.39663461538461536 0.33653846153846156 0.06971153846153846 0.13221153846153846
266 0.5540865384615384 0.3641826923076923 0.06971153846153846 0.1201923076923077
266 0.5456730769230769 0.4855769230769231 0.06971153846153846 0.12259615384615384
266 0.39302884615384615 0.46033653846153844 0.06971153846153846 0.11778846153846154
266 0.5384615384615384 0.6021634615384616 0.06490384615384616 0.10817307692307693
266 0.53125 0.7079326923076923 0.0673076923076923 0.10817307692307693
266 0.5240384615384616 0.8088942307692307 0.0625 0.10576923076923077
266 0.38822115384615385 0.5757211538461539 0.0625 0.10576923076923077
266 0.38461538461538464 0.6838942307692307 0.0625 0.10576923076923077
266 0.38221153846153844 0.7944711538461539 0.0625 0.10576923076923077