259 0.5060096153846154 0.1658653846153846 0.036057692307692304 0.0673076923076923
110 0.47596153846153844 0.2776442307692308 0.036057692307692304 0.0673076923076923
109 0.5420673076923077 0.34975961538461536 0.03365384615384615 0.0673076923076923
99 0.47716346153846156 0.3557692307692308 0.036057692307692304 0.0673076923076923
97 0.5432692307692307 0.4254807692307692 0.03365384615384615 0.0625
85 0.4795673076923077 0.43028846153846156 0.036057692307692304 0.06490384615384616
72 0.5432692307692307 0.49759615384615385 0.03365384615384615 0.06490384615384616
53 0.4807692307692308 0.5060096153846154 0.036057692307692304 0.06490384615384616
35 0.5444711538461539 0.5697115384615384 0.03365384615384615 0.06009615384615385
9 0.4831730769230769 0.5805288461538461 0.036057692307692304 0.06009615384615385
275 0.4831730769230769 0.6742788461538461 0.036057692307692304 0.06009615384615385
264 0.5444711538461539 0.6622596153846154 0.03365384615384615 0.06009615384615385