291 0.4639423076923077 0.12980769230769232 0.03125 0.055288461538461536
291 0.5348557692307693 0.12980769230769232 0.028846153846153848 0.057692307692307696
99 0.5132211538461539 0.2439903846153846 0.03125 0.052884615384615384
85 0.5132211538461539 0.32091346153846156 0.03125 0.05048076923076923
72 0.5144230769230769 0.3942307692307692 0.028846153846153848 0.05048076923076923
53 0.5132211538461539 0.46634615384615385 0.028846153846153848 0.05048076923076923
35 0.5144230769230769 0.5372596153846154 0.028846153846153848 0.05048076923076923
9 0.5144230769230769 0.6069711538461539 0.02403846153846154 0.04326923076923077
254 0.5144230769230769 0.6802884615384616 0.02403846153846154 0.04807692307692308
235 0.515625 0.7463942307692307 0.028846153846153848 0.05048076923076923
275 0.4723557692307692 0.8473557692307693 0.028846153846153848 0.04807692307692308
264 0.5612980769230769 0.8461538461538461 0.028846153846153848 0.04807692307692308
291 0.5132211538461539 0.8461538461538461 0.028846153846153848 0.04807692307692308
291 0.6009615384615384 0.8449519230769231 0.028846153846153848 0.04807692307692308
266 0.5576923076923077 0.2439903846153846 0.03125 0.052884615384615384
266 0.5564903846153846 0.31850961538461536 0.03125 0.052884615384615384
266 0.5576923076923077 0.3942307692307692 0.028846153846153848 0.05048076923076923
266 0.5588942307692307 0.4675480769230769 0.028846153846153848 0.05048076923076923
266 0.5564903846153846 0.5384615384615384 0.028846153846153848 0.05048076923076923
266 0.5588942307692307 0.6105769230769231 0.028846153846153848 0.05048076923076923
266 0.5576923076923077 0.6814903846153846 0.028846153846153848 0.05048076923076923
266 0.5576923076923077 0.7427884615384616 0.03125 0.057692307692307696
272 0.6069711538461539 0.125 0.026442307692307692 0.04807692307692308
259 0.47115384615384615 0.9447115384615384 0.03125 0.055288461538461536
291 0.5132211538461539 0.9435096153846154 0.026442307692307692 0.05048076923076923
272 0.5600961538461539 0.9387019230769231 0.026442307692307692 0.04326923076923077
323 0.5997596153846154 0.9483173076923077 0.028846153846153848 0.06009615384615385
291 0.796875 0.9459134615384616 0.028846153846153848 0.06009615384615385
323 0.7980769230769231 0.84375 0.028846153846153848 0.04807692307692308
272 0.8221153846153846 0.125 0.026442307692307692 0.04807692307692308