110 0.421875 0.12740384615384615 0.1346153846153846 0.11057692307692307
99 0.43028846153846156 0.2512019230769231 0.1346153846153846 0.11057692307692307
85 0.24519230769230768 0.24879807692307693 0.1346153846153846 0.11057692307692307
72 0.6069711538461539 0.35697115384615385 0.125 0.10817307692307693
53 0.42788461538461536 0.35697115384615385 0.125 0.10817307692307693
35 0.43509615384615385 0.46033653846153844 0.1201923076923077 0.10096153846153846
9 0.25961538461538464 0.46153846153846156 0.125 0.10336538461538461
8 0.6045673076923077 0.5588942307692307 0.12259615384615384 0.09615384615384616
1 0.4362980769230769 0.5576923076923077 0.12259615384615384 0.09615384615384616
3 0.4362980769230769 0.6490384615384616 0.11778846153846154 0.0889423076923077
4 0.27163461538461536 0.6442307692307693 0.11778846153846154 0.0889423076923077
264 0.5997596153846154 0.7884615384615384 0.11778846153846154 0.0889423076923077
275 0.43990384615384615 0.7860576923076923 0.11057692307692307 0.08653846153846154
259 0.2824519230769231 0.7848557692307693 0.11057692307692307 0.08653846153846154
263 0.28966346153846156 0.8689903846153846 0.10576923076923077 0.07451923076923077
261 0.5985576923076923 0.8725961538461539 0.10817307692307693 0.07451923076923077