259 0.44350961538461536 0.1875 0.052884615384615384 0.04807692307692308
44 0.44471153846153844 0.44711538461538464 0.04567307692307692 0.040865384615384616
43 0.5432692307692307 0.49399038461538464 0.038461538461538464 0.040865384615384616
42 0.4483173076923077 0.5060096153846154 0.04567307692307692 0.040865384615384616
41 0.34134615384615385 0.5204326923076923 0.052884615384615384 0.04326923076923077
39 0.5420673076923077 0.546875 0.038461538461538464 0.040865384615384616
38 0.4483173076923077 0.5612980769230769 0.04567307692307692 0.038461538461538464
37 0.3449519230769231 0.5805288461538461 0.052884615384615384 0.04326923076923077
36 0.5420673076923077 0.6009615384615384 0.038461538461538464 0.038461538461538464
28 0.4483173076923077 0.6177884615384616 0.04567307692307692 0.038461538461538464
26 0.34615384615384615 0.6382211538461539 0.052884615384615384 0.04326923076923077
25 0.5420673076923077 0.6514423076923077 0.038461538461538464 0.038461538461538464
24 0.4495192307692308 0.671875 0.04567307692307692 0.040865384615384616
23 0.3485576923076923 0.6947115384615384 0.052884615384615384 0.04326923076923077
22 0.5396634615384616 0.7007211538461539 0.038461538461538464 0.038461538461538464
16 0.4495192307692308 0.7247596153846154 0.04567307692307692 0.038461538461538464
11 0.34975961538461536 0.75 0.04807692307692308 0.038461538461538464
152 0.4519230769230769 0.7752403846153846 0.040865384615384616 0.038461538461538464
275 0.3545673076923077 0.8822115384615384 0.04807692307692308 0.040865384615384616
264 0.5384615384615384 0.8197115384615384 0.038461538461538464 0.036057692307692304