273 0.5420673076923077 0.22716346153846154 0.3173076923076923 0.27163461538461536
9 0.44350961538461536 0.5228365384615384 0.08653846153846154 0.12259615384615384
35 0.5276442307692307 0.5252403846153846 0.08653846153846154 0.12259615384615384
53 0.6081730769230769 0.5288461538461539 0.08653846153846154 0.12259615384615384
72 0.4411057692307692 0.6538461538461539 0.07692307692307693 0.11298076923076923
85 0.5216346153846154 0.65625 0.07692307692307693 0.11298076923076923
99 0.5973557692307693 0.6538461538461539 0.07692307692307693 0.11298076923076923
110 0.43990384615384615 0.7752403846153846 0.07692307692307693 0.11298076923076923
111 0.515625 0.7752403846153846 0.07692307692307693 0.11298076923076923
113 0.5913461538461539 0.7776442307692307 0.07692307692307693 0.11298076923076923
8 0.5108173076923077 0.8894230769230769 0.07211538461538461 0.10576923076923077
152 0.4375 0.8894230769230769 0.07211538461538461 0.10576923076923077
0 0.5865384615384616 0.8870192307692307 0.07211538461538461 0.10576923076923077