259 0.5120192307692307 0.5240384615384616 0.05048076923076923 0.040865384615384616
266 0.39903846153846156 0.5204326923076923 0.055288461538461536 0.04326923076923077
113 0.3942307692307692 0.578125 0.04567307692307692 0.038461538461538464
111 0.5084134615384616 0.5817307692307693 0.04567307692307692 0.03365384615384615
110 0.390625 0.6358173076923077 0.04567307692307692 0.036057692307692304
99 0.5060096153846154 0.6418269230769231 0.04567307692307692 0.03365384615384615
85 0.38822115384615385 0.6947115384615384 0.04567307692307692 0.036057692307692304
72 0.5048076923076923 0.7043269230769231 0.04326923076923077 0.038461538461538464
53 0.38341346153846156 0.7536057692307693 0.04567307692307692 0.038461538461538464
35 0.5024038461538461 0.7680288461538461 0.04567307692307692 0.038461538461538464
9 0.38221153846153844 0.8137019230769231 0.04567307692307692 0.04326923076923077
152 0.5012019230769231 0.8293269230769231 0.04567307692307692 0.038461538461538464