273 0.5192307692307693 0.12139423076923077 0.16826923076923078 0.13221153846153846
259 0.5673076923076923 0.4074519230769231 0.057692307692307696 0.07451923076923077
10 0.4699519230769231 0.4567307692307692 0.055288461538461536 0.0673076923076923
113 0.5649038461538461 0.5036057692307693 0.055288461538461536 0.0673076923076923
111 0.4675480769230769 0.5480769230769231 0.055288461538461536 0.06490384615384616
110 0.5637019230769231 0.5901442307692307 0.052884615384615384 0.06009615384615385
99 0.47115384615384615 0.6358173076923077 0.055288461538461536 0.0625
85 0.5612980769230769 0.6766826923076923 0.055288461538461536 0.0625
65 0.4723557692307692 0.7199519230769231 0.052884615384615384 0.057692307692307696
53 0.5625 0.7572115384615384 0.052884615384615384 0.057692307692307696
35 0.4735576923076923 0.7992788461538461 0.052884615384615384 0.057692307692307696
9 0.5600961538461539 0.8377403846153846 0.04807692307692308 0.055288461538461536
152 0.47475961538461536 0.875 0.04807692307692308 0.055288461538461536
264 0.47596153846153844 0.9483173076923077 0.04807692307692308 0.055288461538461536
275 0.5588942307692307 0.9483173076923077 0.04807692307692308 0.055288461538461536