259 0.2848557692307692 0.36778846153846156 0.052884615384615384 0.04807692307692308
131 0.3629807692307692 0.36899038461538464 0.0625 0.0625
275 0.6875 0.37740384615384615 0.052884615384615384 0.052884615384615384
264 0.7439903846153846 0.37740384615384615 0.052884615384615384 0.052884615384615384
36 0.28846153846153844 0.49399038461538464 0.05048076923076923 0.04567307692307692
37 0.34375 0.4951923076923077 0.04807692307692308 0.04567307692307692
38 0.39903846153846156 0.4963942307692308 0.04807692307692308 0.04567307692307692
39 0.45552884615384615 0.49759615384615385 0.04807692307692308 0.04567307692307692
41 0.5096153846153846 0.4987980769230769 0.04807692307692308 0.04567307692307692
42 0.5649038461538461 0.4987980769230769 0.04807692307692308 0.04567307692307692
43 0.6201923076923077 0.5012019230769231 0.052884615384615384 0.04567307692307692
11 0.28966346153846156 0.578125 0.04807692307692308 0.04326923076923077
16 0.34375 0.578125 0.04807692307692308 0.04326923076923077
20 0.3954326923076923 0.5793269230769231 0.04567307692307692 0.04326923076923077
22 0.45072115384615385 0.5805288461538461 0.04567307692307692 0.04326923076923077
23 0.5060096153846154 0.5817307692307693 0.04567307692307692 0.04326923076923077
24 0.5588942307692307 0.5829326923076923 0.04567307692307692 0.04326923076923077
25 0.6117788461538461 0.5841346153846154 0.04567307692307692 0.04326923076923077
26 0.6646634615384616 0.5841346153846154 0.04326923076923077 0.04326923076923077
28 0.7199519230769231 0.5865384615384616 0.04326923076923077 0.04326923076923077
10 0.7079326923076923 0.6634615384615384 0.04567307692307692 0.04326923076923077
113 0.65625 0.6622596153846154 0.04567307692307692 0.04326923076923077
111 0.6021634615384616 0.6622596153846154 0.04326923076923077 0.04326923076923077
110 0.5504807692307693 0.6610576923076923 0.04326923076923077 0.04326923076923077
99 0.4987980769230769 0.6610576923076923 0.04326923076923077 0.04326923076923077
85 0.4483173076923077 0.6586538461538461 0.04326923076923077 0.040865384615384616
72 0.39302884615384615 0.6586538461538461 0.04567307692307692 0.04326923076923077
35 0.3401442307692308 0.6586538461538461 0.04567307692307692 0.04326923076923077
9 0.28846153846153844 0.6574519230769231 0.04807692307692308 0.04326923076923077