263 0.18990384615384615 0.3485576923076923 0.09375 0.11057692307692307
275 0.5865384615384616 0.26322115384615385 0.055288461538461536 0.09375
264 0.6862980769230769 0.24278846153846154 0.055288461538461536 0.09615384615384616
120 0.2764423076923077 0.6694711538461539 0.05048076923076923 0.07211538461538461
9 0.3389423076923077 0.6550480769230769 0.052884615384615384 0.07451923076923077
35 0.4014423076923077 0.6394230769230769 0.052884615384615384 0.07692307692307693
53 0.4639423076923077 0.6237980769230769 0.052884615384615384 0.07451923076923077
72 0.5264423076923077 0.609375 0.05048076923076923 0.07451923076923077
85 0.5865384615384616 0.5925480769230769 0.05048076923076923 0.07692307692307693
99 0.6454326923076923 0.5793269230769231 0.04807692307692308 0.07211538461538461
131 0.6802884615384616 0.41225961538461536 0.05048076923076923 0.08653846153846154