10 0.3401442307692308 0.21754807692307693 0.16346153846153846 0.10576923076923077
111 0.35096153846153844 0.328125 0.15144230769230768 0.09375
113 0.5721153846153846 0.32572115384615385 0.14423076923076922 0.09134615384615384
99 0.3605769230769231 0.42427884615384615 0.14182692307692307 0.08173076923076923
110 0.5637019230769231 0.4206730769230769 0.13701923076923078 0.08173076923076923
72 0.37259615384615385 0.5084134615384616 0.12740384615384615 0.07211538461538461
85 0.5612980769230769 0.5048076923076923 0.125 0.06971153846153846
35 0.3786057692307692 0.5829326923076923 0.125 0.06490384615384616
53 0.5552884615384616 0.578125 0.11538461538461539 0.0625
8 0.38221153846153844 0.6466346153846154 0.11538461538461539 0.057692307692307696
9 0.5540865384615384 0.6442307692307693 0.11298076923076923 0.055288461538461536
275 0.3918269230769231 0.7319711538461539 0.10336538461538461 0.052884615384615384
264 0.5492788461538461 0.7295673076923077 0.10096153846153846 0.052884615384615384
259 0.3954326923076923 0.7836538461538461 0.0985576923076923 0.04326923076923077
272 0.5444711538461539 0.7836538461538461 0.038461538461538464 0.038461538461538464