53 0.59375 0.09134615384615384 0.040865384615384616 0.04567307692307692
35 0.5985576923076923 0.14903846153846154 0.036057692307692304 0.04326923076923077
9 0.6009615384615384 0.20673076923076922 0.04326923076923077 0.04326923076923077
266 0.6045673076923077 0.25961538461538464 0.038461538461538464 0.04326923076923077
275 0.5084134615384616 0.43028846153846156 0.05048076923076923 0.05048076923076923
264 0.7091346153846154 0.41586538461538464 0.05048076923076923 0.055288461538461536
238 0.515625 0.5396634615384616 0.05048076923076923 0.055288461538461536
192 0.7151442307692307 0.5216346153846154 0.052884615384615384 0.052884615384615384
265 0.5204326923076923 0.6454326923076923 0.04326923076923077 0.052884615384615384
266 0.7163461538461539 0.6201923076923077 0.04567307692307692 0.04567307692307692
290 0.5240384615384616 0.7379807692307693 0.028846153846153848 0.04326923076923077
290 0.7211538461538461 0.7115384615384616 0.036057692307692304 0.04567307692307692
261 0.6177884615384616 0.6310096153846154 0.08173076923076923 0.0889423076923077
261 0.6262019230769231 0.734375 0.09134615384615384 0.09134615384615384