323 0.11658653846153846 0.3449519230769231 0.028846153846153848 0.021634615384615384
272 0.11658653846153846 0.3737980769230769 0.028846153846153848 0.021634615384615384
272 0.11778846153846154 0.40384615384615385 0.026442307692307692 0.021634615384615384
365 0.15745192307692307 0.34615384615384615 0.026442307692307692 0.021634615384615384
272 0.19591346153846154 0.34615384615384615 0.028846153846153848 0.021634615384615384
272 0.19471153846153846 0.3737980769230769 0.028846153846153848 0.019230769230769232
272 0.19591346153846154 0.40384615384615385 0.026442307692307692 0.021634615384615384
277 0.4266826923076923 0.31009615384615385 0.16346153846153846 0.0673076923076923
16 0.6165865384615384 0.3088942307692308 0.16346153846153846 0.0673076923076923
366 0.6141826923076923 0.515625 0.0889423076923077 0.038461538461538464
265 0.6153846153846154 0.5877403846153846 0.09134615384615384 0.038461538461538464
110 0.11658653846153846 0.4387019230769231 0.055288461538461536 0.02403846153846154
111 0.19471153846153846 0.4387019230769231 0.052884615384615384 0.02403846153846154
99 0.19471153846153846 0.4675480769230769 0.052884615384615384 0.02403846153846154
72 0.19471153846153846 0.4963942307692308 0.052884615384615384 0.02403846153846154
35 0.19471153846153846 0.5240384615384616 0.052884615384615384 0.02403846153846154
264 0.19471153846153846 0.5600961538461539 0.052884615384615384 0.02403846153846154
85 0.11658653846153846 0.46634615384615385 0.052884615384615384 0.02403846153846154
53 0.11658653846153846 0.4951923076923077 0.052884615384615384 0.02403846153846154
277 0.11658653846153846 0.5228365384615384 0.052884615384615384 0.02403846153846154
275 0.11658653846153846 0.5600961538461539 0.052884615384615384 0.02403846153846154
263 0.11658653846153846 0.6177884615384616 0.052884615384615384 0.02403846153846154
259 0.11658653846153846 0.5877403846153846 0.052884615384615384 0.02403846153846154
323 0.19471153846153846 0.6177884615384616 0.03365384615384615 0.02403846153846154
289 0.19471153846153846 0.5889423076923077 0.052884615384615384 0.02403846153846154