113 0.43509615384615385 0.21153846153846154 0.036057692307692304 0.0625
111 0.5168269230769231 0.30288461538461536 0.036057692307692304 0.06009615384615385
110 0.4375 0.30288461538461536 0.036057692307692304 0.06009615384615385
99 0.5168269230769231 0.3918269230769231 0.03365384615384615 0.057692307692307696
85 0.43990384615384615 0.3918269230769231 0.036057692307692304 0.06009615384615385
72 0.5168269230769231 0.4807692307692308 0.03365384615384615 0.052884615384615384
53 0.43990384615384615 0.4675480769230769 0.03365384615384615 0.06009615384615385
35 0.5168269230769231 0.5600961538461539 0.028846153846153848 0.052884615384615384
9 0.4423076923076923 0.5540865384615384 0.03125 0.055288461538461536
275 0.5552884615384616 0.6742788461538461 0.03365384615384615 0.052884615384615384
259 0.4074519230769231 0.6610576923076923 0.03365384615384615 0.052884615384615384
264 0.4807692307692308 0.6694711538461539 0.03365384615384615 0.05048076923076923