259 0.49038461538461536 0.0733173076923077 0.08173076923076923 0.14423076923076922
111 0.5024038461538461 0.234375 0.07451923076923077 0.14423076923076922
99 0.4567307692307692 0.4098557692307692 0.07451923076923077 0.125
110 0.5769230769230769 0.375 0.07451923076923077 0.13701923076923078
72 0.4723557692307692 0.5540865384615384 0.07451923076923077 0.1346153846153846
85 0.5865384615384616 0.5264423076923077 0.07451923076923077 0.125
35 0.484375 0.6995192307692307 0.07451923076923077 0.12740384615384615
53 0.5985576923076923 0.6670673076923077 0.06971153846153846 0.1201923076923077
120 0.49759615384615385 0.8341346153846154 0.06971153846153846 0.11057692307692307
9 0.6105769230769231 0.8004807692307693 0.06490384615384616 0.11778846153846154
275 0.6189903846153846 0.9242788461538461 0.06490384615384616 0.11538461538461539
264 0.5096153846153846 0.9507211538461539 0.06490384615384616 0.09615384615384616