365 0.34975961538461536 0.3786057692307692 0.07451923076923077 0.055288461538461536
365 0.43509615384615385 0.38461538461538464 0.07451923076923077 0.057692307692307696
365 0.5228365384615384 0.38822115384615385 0.08173076923076923 0.0673076923076923
9 0.40865384615384615 0.5360576923076923 0.07211538461538461 0.052884615384615384
35 0.49759615384615385 0.5444711538461539 0.07932692307692307 0.055288461538461536
53 0.5901442307692307 0.5528846153846154 0.08413461538461539 0.06009615384615385
72 0.41225961538461536 0.5973557692307693 0.07211538461538461 0.04567307692307692
85 0.49759615384615385 0.6045673076923077 0.06971153846153846 0.04807692307692308
99 0.5889423076923077 0.6141826923076923 0.07451923076923077 0.052884615384615384
110 0.4098557692307692 0.6526442307692307 0.06971153846153846 0.04326923076923077
111 0.4963942307692308 0.6598557692307693 0.06490384615384616 0.04326923076923077
113 0.5829326923076923 0.6706730769230769 0.06971153846153846 0.04567307692307692
130 0.41225961538461536 0.7055288461538461 0.0625 0.04326923076923077
0 0.5793269230769231 0.7259615384615384 0.06971153846153846 0.04326923076923077
8 0.49399038461538464 0.7163461538461539 0.0625 0.04567307692307692