85 0.25961538461538464 0.09014423076923077 0.14423076923076922 0.18028846153846154
85 0.40865384615384615 0.09014423076923077 0.12740384615384615 0.18028846153846154
266 0.5588942307692307 0.08774038461538461 0.1346153846153846 0.17548076923076922
266 0.7067307692307693 0.078125 0.13221153846153846 0.15625
53 0.2824519230769231 0.35336538461538464 0.12980769230769232 0.16826923076923078
53 0.41466346153846156 0.35216346153846156 0.11538461538461539 0.1778846153846154
72 0.5516826923076923 0.33774038461538464 0.1201923076923077 0.16346153846153846
72 0.6814903846153846 0.3401442307692308 0.11778846153846154 0.14903846153846154
9 0.2980769230769231 0.5733173076923077 0.11538461538461539 0.13701923076923078
9 0.4206730769230769 0.5673076923076923 0.11057692307692307 0.16105769230769232
35 0.5432692307692307 0.5528846153846154 0.11538461538461539 0.15865384615384615
35 0.6646634615384616 0.5528846153846154 0.10096153846153846 0.13701923076923078
259 0.3125 0.7536057692307693 0.10817307692307693 0.13221153846153846
259 0.42427884615384615 0.7536057692307693 0.09375 0.12259615384615384
289 0.5348557692307693 0.7355769230769231 0.10336538461538461 0.12740384615384615
363 0.6490384615384616 0.7391826923076923 0.09615384615384616 0.12259615384615384
264 0.32211538461538464 0.9158653846153846 0.10096153846153846 0.12259615384615384
264 0.4266826923076923 0.9134615384615384 0.08413461538461539 0.10576923076923077
275 0.5300480769230769 0.8954326923076923 0.0985576923076923 0.12259615384615384
275 0.6346153846153846 0.9014423076923077 0.08653846153846154 0.0985576923076923