259 0.5901442307692307 0.14423076923076922 0.07932692307692307 0.10817307692307693
85 0.3076923076923077 0.2860576923076923 0.07451923076923077 0.09615384615384616
10 0.4182692307692308 0.29086538461538464 0.07211538461538461 0.09375
24 0.5252403846153846 0.296875 0.07451923076923077 0.09615384615384616
37 0.6322115384615384 0.3016826923076923 0.07692307692307693 0.09375
44 0.7379807692307693 0.3016826923076923 0.07932692307692307 0.09134615384615384
53 0.31850961538461536 0.42427884615384615 0.07211538461538461 0.0889423076923077
113 0.421875 0.4266826923076923 0.06490384615384616 0.08173076923076923
23 0.5204326923076923 0.43149038461538464 0.0673076923076923 0.08413461538461539
36 0.6201923076923077 0.4338942307692308 0.06971153846153846 0.08413461538461539
43 0.7199519230769231 0.43509615384615385 0.07451923076923077 0.08413461538461539
35 0.32572115384615385 0.5444711538461539 0.0625 0.07451923076923077
111 0.4230769230769231 0.546875 0.0625 0.07451923076923077
20 0.5168269230769231 0.5480769230769231 0.06490384615384616 0.07451923076923077
28 0.6105769230769231 0.5492788461538461 0.0625 0.07451923076923077
42 0.7067307692307693 0.5528846153846154 0.0625 0.07451923076923077
9 0.3317307692307692 0.6526442307692307 0.0625 0.07211538461538461
110 0.42427884615384615 0.6538461538461539 0.057692307692307696 0.06971153846153846
16 0.5144230769230769 0.6550480769230769 0.06009615384615385 0.06971153846153846
26 0.6033653846153846 0.65625 0.057692307692307696 0.06971153846153846
39 0.6935096153846154 0.65625 0.06009615384615385 0.06971153846153846
47 0.7824519230769231 0.6634615384615384 0.057692307692307696 0.06971153846153846
152 0.33774038461538464 0.7512019230769231 0.06009615384615385 0.06009615384615385
99 0.4254807692307692 0.75 0.057692307692307696 0.0625
11 0.5096153846153846 0.7512019230769231 0.057692307692307696 0.0625
25 0.5961538461538461 0.7548076923076923 0.055288461538461536 0.0625
38 0.6802884615384616 0.7548076923076923 0.057692307692307696 0.057692307692307696
46 0.765625 0.7572115384615384 0.055288461538461536 0.057692307692307696
264 0.4254807692307692 0.8401442307692307 0.052884615384615384 0.06009615384615385
275 0.6694711538461539 0.8413461538461539 0.057692307692307696 0.055288461538461536
194 0.24639423076923078 0.5432692307692307 0.07211538461538461 0.07932692307692307
194 0.25600961538461536 0.6526442307692307 0.0673076923076923 0.06971153846153846