152 0.12139423076923077 0.43028846153846156 0.03365384615384615 0.040865384615384616
9 0.15865384615384615 0.43149038461538464 0.03365384615384615 0.040865384615384616
35 0.19591346153846154 0.43149038461538464 0.03365384615384615 0.040865384615384616
53 0.23317307692307693 0.4338942307692308 0.028846153846153848 0.036057692307692304
72 0.2704326923076923 0.43509615384615385 0.026442307692307692 0.036057692307692304
85 0.30649038461538464 0.4375 0.028846153846153848 0.038461538461538464
99 0.3425480769230769 0.4387019230769231 0.028846153846153848 0.036057692307692304
110 0.3786057692307692 0.43990384615384615 0.028846153846153848 0.038461538461538464
111 0.41346153846153844 0.4411057692307692 0.026442307692307692 0.038461538461538464
113 0.4483173076923077 0.44350961538461536 0.026442307692307692 0.038461538461538464
10 0.4831730769230769 0.44471153846153844 0.028846153846153848 0.036057692307692304
11 0.5180288461538461 0.44591346153846156 0.02403846153846154 0.03365384615384615
16 0.5516826923076923 0.44711538461538464 0.028846153846153848 0.038461538461538464
20 0.5865384615384616 0.4483173076923077 0.028846153846153848 0.038461538461538464
22 0.6201923076923077 0.4495192307692308 0.028846153846153848 0.038461538461538464
23 0.6550480769230769 0.45072115384615385 0.028846153846153848 0.040865384615384616
24 0.6911057692307693 0.4519230769230769 0.03125 0.040865384615384616
25 0.7247596153846154 0.4519230769230769 0.03125 0.038461538461538464
26 0.7596153846153846 0.4543269230769231 0.03125 0.040865384615384616
28 0.7944711538461539 0.45552884615384615 0.03125 0.040865384615384616
36 0.8293269230769231 0.4567307692307692 0.03365384615384615 0.040865384615384616
37 0.8641826923076923 0.4567307692307692 0.03125 0.038461538461538464
266 0.8978365384615384 0.45913461538461536 0.03125 0.038461538461538464
266 0.9326923076923077 0.45913461538461536 0.03365384615384615 0.040865384615384616