266 0.47836538461538464 0.5925480769230769 0.026442307692307692 0.040865384615384616
275 0.46033653846153844 0.6875 0.028846153846153848 0.04567307692307692
264 0.4951923076923077 0.6862980769230769 0.028846153846153848 0.04326923076923077
59 0.4963942307692308 0.7536057692307693 0.026442307692307692 0.04326923076923077
47 0.46033653846153844 0.7992788461538461 0.02403846153846154 0.04326923076923077
57 0.4963942307692308 0.7980769230769231 0.026442307692307692 0.038461538461538464
46 0.46033653846153844 0.8461538461538461 0.02403846153846154 0.040865384615384616
56 0.49759615384615385 0.8461538461538461 0.026442307692307692 0.040865384615384616
44 0.46033653846153844 0.8942307692307693 0.02403846153846154 0.04326923076923077
55 0.4963942307692308 0.8954326923076923 0.02403846153846154 0.040865384615384616
16 0.46153846153846156 0.9423076923076923 0.02403846153846154 0.040865384615384616
54 0.49759615384615385 0.9411057692307693 0.026442307692307692 0.04326923076923077
273 0.47716346153846156 0.28725961538461536 0.07692307692307693 0.23557692307692307