10 0.24639423076923078 0.5180288461538461 0.036057692307692304 0.026442307692307692
111 0.24639423076923078 0.5600961538461539 0.03365384615384615 0.026442307692307692
99 0.24879807692307693 0.6033653846153846 0.038461538461538464 0.026442307692307692
72 0.24759615384615385 0.6454326923076923 0.036057692307692304 0.026442307692307692
35 0.2512019230769231 0.6887019230769231 0.036057692307692304 0.026442307692307692
152 0.25240384615384615 0.7319711538461539 0.038461538461538464 0.028846153846153848
11 0.31490384615384615 0.49759615384615385 0.03365384615384615 0.02403846153846154
113 0.3161057692307692 0.5396634615384616 0.03365384615384615 0.02403846153846154
110 0.3173076923076923 0.5817307692307693 0.03365384615384615 0.028846153846153848
85 0.31850961538461536 0.6225961538461539 0.03365384615384615 0.026442307692307692
53 0.31971153846153844 0.6658653846153846 0.036057692307692304 0.026442307692307692
365 0.32091346153846156 0.7067307692307693 0.03365384615384615 0.026442307692307692
366 0.2800480769230769 0.45552884615384615 0.03365384615384615 0.03365384615384615
265 0.28846153846153844 0.7728365384615384 0.03365384615384615 0.03365384615384615
266 0.2920673076923077 0.8786057692307693 0.036057692307692304 0.028846153846153848