263 0.5396634615384616 0.6382211538461539 0.03365384615384615 0.06009615384615385
28 0.4735576923076923 0.7752403846153846 0.03365384615384615 0.0625
36 0.5396634615384616 0.7788461538461539 0.03365384615384615 0.057692307692307696
24 0.4735576923076923 0.8557692307692307 0.03365384615384615 0.06009615384615385
25 0.5408653846153846 0.8569711538461539 0.03365384615384615 0.0625
26 0.6081730769230769 0.8581730769230769 0.03365384615384615 0.06490384615384616
16 0.4723557692307692 0.9387019230769231 0.03365384615384615 0.06009615384615385
22 0.5408653846153846 0.9411057692307693 0.03365384615384615 0.06490384615384616
23 0.6081730769230769 0.9411057692307693 0.03365384615384615 0.0625
263 0.22716346153846154 0.6382211538461539 0.03125 0.057692307692307696
365 0.21995192307692307 0.7740384615384616 0.03125 0.0625
365 0.21754807692307693 0.8497596153846154 0.03125 0.06009615384615385
365 0.2127403846153846 0.9326923076923077 0.03125 0.06009615384615385
266 0.1502403846153846 0.8509615384615384 0.03365384615384615 0.057692307692307696
266 0.1466346153846154 0.9278846153846154 0.03125 0.06009615384615385
365 0.29086538461538464 0.7740384615384616 0.03125 0.05048076923076923
365 0.28846153846153844 0.8521634615384616 0.028846153846153848 0.05048076923076923
365 0.2860576923076923 0.9314903846153846 0.028846153846153848 0.05048076923076923
273 0.2439903846153846 0.22115384615384615 0.10096153846153846 0.12740384615384615
273 0.5420673076923077 0.21995192307692307 0.10096153846153846 0.12740384615384615