44 0.30649038461538464 0.2247596153846154 0.10576923076923077 0.055288461538461536
39 0.30408653846153844 0.30528846153846156 0.10576923076923077 0.055288461538461536
36 0.30528846153846156 0.3737980769230769 0.10336538461538461 0.04807692307692308
25 0.3125 0.44350961538461536 0.10096153846153846 0.05048076923076923
16 0.3137019230769231 0.5084134615384616 0.09615384615384616 0.05048076923076923
113 0.3137019230769231 0.5673076923076923 0.0985576923076923 0.05048076923076923
99 0.31490384615384615 0.625 0.10096153846153846 0.052884615384615384
85 0.3137019230769231 0.6814903846153846 0.09375 0.04807692307692308
53 0.31490384615384615 0.7355769230769231 0.0985576923076923 0.055288461538461536
35 0.3161057692307692 0.7860576923076923 0.09134615384615384 0.04567307692307692
9 0.3173076923076923 0.8341346153846154 0.0889423076923077 0.052884615384615384
42 0.4579326923076923 0.30408653846153844 0.10576923076923077 0.04807692307692308
37 0.4543269230769231 0.3713942307692308 0.0985576923076923 0.052884615384615384
26 0.453125 0.4326923076923077 0.0985576923076923 0.05048076923076923
23 0.45072115384615385 0.49759615384615385 0.09134615384615384 0.052884615384615384
10 0.4483173076923077 0.5576923076923077 0.0889423076923077 0.04807692307692308
110 0.44711538461538464 0.6117788461538461 0.09375 0.04807692307692308
43 0.5985576923076923 0.30288461538461536 0.09375 0.055288461538461536
38 0.5901442307692307 0.36778846153846156 0.09134615384615384 0.055288461538461536
28 0.5841346153846154 0.43149038461538464 0.08653846153846154 0.05048076923076923
24 0.5805288461538461 0.49158653846153844 0.08173076923076923 0.04807692307692308
11 0.5733173076923077 0.5456730769230769 0.08173076923076923 0.04326923076923077
111 0.5721153846153846 0.6021634615384616 0.09134615384615384 0.04807692307692308
275 0.37740384615384615 0.8942307692307693 0.10096153846153846 0.04567307692307692
259 0.4639423076923077 0.11057692307692307 0.07451923076923077 0.052884615384615384
264 0.49278846153846156 0.8737980769230769 0.07692307692307693 0.04326923076923077