9 0.18870192307692307 0.15384615384615385 0.09375 0.09615384615384616
35 0.2920673076923077 0.15745192307692307 0.09134615384615384 0.09134615384615384
53 0.3942307692307692 0.15985576923076922 0.09615384615384616 0.09615384615384616
72 0.18990384615384615 0.2608173076923077 0.09134615384615384 0.0889423076923077
85 0.2920673076923077 0.26322115384615385 0.09134615384615384 0.0889423076923077
0 0.39302884615384615 0.4699519230769231 0.09134615384615384 0.09134615384615384
99 0.3918269230769231 0.2644230769230769 0.09134615384615384 0.09134615384615384
110 0.18870192307692307 0.36538461538461536 0.09375 0.09134615384615384
111 0.29086538461538464 0.36658653846153844 0.09375 0.0889423076923077
113 0.3942307692307692 0.36778846153846156 0.09134615384615384 0.09134615384615384
168 0.18990384615384615 0.46875 0.09134615384615384 0.09375
8 0.2920673076923077 0.4699519230769231 0.09134615384615384 0.09134615384615384
131 0.5072115384615384 0.8545673076923077 0.34375 0.0889423076923077