266 0.5528846153846154 0.8725961538461539 0.11778846153846154 0.1466346153846154
266 0.6670673076923077 0.8293269230769231 0.11057692307692307 0.13221153846153846
113 0.6514423076923077 0.19110576923076922 0.1201923076923077 0.125
72 0.5300480769230769 0.1935096153846154 0.13221153846153846 0.12740384615384615
53 0.5336538461538461 0.3161057692307692 0.13221153846153846 0.12980769230769232
35 0.5384615384615384 0.42788461538461536 0.12980769230769232 0.1201923076923077
111 0.6526442307692307 0.3088942307692308 0.1201923076923077 0.12259615384615384
110 0.65625 0.4098557692307692 0.11298076923076923 0.1346153846153846
99 0.6586538461538461 0.5192307692307693 0.11298076923076923 0.1346153846153846
85 0.6610576923076923 0.6274038461538461 0.11298076923076923 0.12740384615384615
119 0.5456730769230769 0.6514423076923077 0.12740384615384615 0.13942307692307693
152 0.5420673076923077 0.5444711538461539 0.12740384615384615 0.13942307692307693