265 0.4230769230769231 0.1466346153846154 0.03125 0.021634615384615384
366 0.47596153846153844 0.14423076923076922 0.028846153846153848 0.021634615384615384
16 0.42427884615384615 0.20072115384615385 0.03125 0.021634615384615384
41 0.47716346153846156 0.19831730769230768 0.03125 0.028846153846153848
11 0.42427884615384615 0.24158653846153846 0.03125 0.02403846153846154
39 0.47836538461538464 0.2403846153846154 0.03365384615384615 0.026442307692307692
10 0.4254807692307692 0.28365384615384615 0.03125 0.026442307692307692
38 0.47836538461538464 0.28125 0.03125 0.02403846153846154
113 0.42427884615384615 0.3245192307692308 0.03365384615384615 0.026442307692307692
37 0.47836538461538464 0.32211538461538464 0.03365384615384615 0.02403846153846154
111 0.4254807692307692 0.36538461538461536 0.03125 0.026442307692307692
36 0.47836538461538464 0.3641826923076923 0.028846153846153848 0.02403846153846154
24 0.4807692307692308 0.5276442307692307 0.028846153846153848 0.02403846153846154
110 0.4254807692307692 0.4050480769230769 0.03365384615384615 0.026442307692307692
28 0.47836538461538464 0.40384615384615385 0.03365384615384615 0.026442307692307692
99 0.4254807692307692 0.44471153846153844 0.028846153846153848 0.02403846153846154
26 0.47836538461538464 0.44350961538461536 0.028846153846153848 0.02403846153846154
85 0.4254807692307692 0.4855769230769231 0.03125 0.021634615384615384
25 0.4795673076923077 0.48677884615384615 0.028846153846153848 0.02403846153846154
72 0.4254807692307692 0.5276442307692307 0.03125 0.02403846153846154
53 0.4254807692307692 0.5685096153846154 0.028846153846153848 0.021634615384615384
23 0.4795673076923077 0.5685096153846154 0.03365384615384615 0.02403846153846154
35 0.42788461538461536 0.6081730769230769 0.03125 0.02403846153846154
22 0.4807692307692308 0.6081730769230769 0.028846153846153848 0.02403846153846154
9 0.42788461538461536 0.6490384615384616 0.03125 0.02403846153846154
20 0.4807692307692308 0.6502403846153846 0.03125 0.02403846153846154
152 0.4266826923076923 0.6899038461538461 0.03365384615384615 0.026442307692307692
266 0.453125 0.7872596153846154 0.036057692307692304 0.03365384615384615
266 0.4519230769230769 0.8473557692307693 0.036057692307692304 0.03125