9 0.3954326923076923 0.38100961538461536 0.07211538461538461 0.055288461538461536
35 0.484375 0.38100961538461536 0.07932692307692307 0.057692307692307696
53 0.5757211538461539 0.3798076923076923 0.08173076923076923 0.06009615384615385
72 0.39783653846153844 0.4495192307692308 0.07932692307692307 0.057692307692307696
85 0.4855769230769231 0.4483173076923077 0.07932692307692307 0.057692307692307696
99 0.5769230769230769 0.4483173076923077 0.08173076923076923 0.057692307692307696
110 0.39783653846153844 0.5132211538461539 0.07451923076923077 0.055288461538461536
111 0.4879807692307692 0.5132211538461539 0.07932692307692307 0.057692307692307696
113 0.5745192307692307 0.5144230769230769 0.08173076923076923 0.06009615384615385
8 0.4891826923076923 0.578125 0.07932692307692307 0.055288461538461536
131 0.49038461538461536 0.6634615384615384 0.10576923076923077 0.07932692307692307