259 0.5108173076923077 0.08173076923076923 0.04567307692307692 0.06009615384615385
42 0.5673076923076923 0.16105769230769232 0.04326923076923077 0.06009615384615385
39 0.5673076923076923 0.28966346153846156 0.038461538461538464 0.057692307692307696
41 0.5673076923076923 0.22716346153846154 0.04326923076923077 0.057692307692307696
37 0.5673076923076923 0.41346153846153844 0.038461538461538464 0.055288461538461536
38 0.5673076923076923 0.35336538461538464 0.038461538461538464 0.057692307692307696
36 0.5697115384615384 0.47475961538461536 0.04326923076923077 0.057692307692307696
28 0.5697115384615384 0.5360576923076923 0.04326923076923077 0.055288461538461536
26 0.5709134615384616 0.5985576923076923 0.040865384615384616 0.0625
25 0.5709134615384616 0.6586538461538461 0.038461538461538464 0.057692307692307696
24 0.5709134615384616 0.7175480769230769 0.038461538461538464 0.05048076923076923
23 0.5132211538461539 0.41586538461538464 0.04326923076923077 0.057692307692307696
22 0.5144230769230769 0.4795673076923077 0.040865384615384616 0.057692307692307696
20 0.515625 0.5408653846153846 0.040865384615384616 0.052884615384615384
16 0.515625 0.5997596153846154 0.038461538461538464 0.05048076923076923
11 0.515625 0.6622596153846154 0.038461538461538464 0.052884615384615384
10 0.5168269230769231 0.7235576923076923 0.038461538461538464 0.052884615384615384
113 0.45913461538461536 0.48197115384615385 0.04326923076923077 0.06009615384615385
111 0.45913461538461536 0.5456730769230769 0.04567307692307692 0.057692307692307696
110 0.46033653846153844 0.6057692307692307 0.04326923076923077 0.06009615384615385
99 0.46153846153846156 0.6694711538461539 0.04326923076923077 0.06009615384615385
85 0.46274038461538464 0.7307692307692307 0.04326923076923077 0.06009615384615385
53 0.5709134615384616 0.8076923076923077 0.04326923076923077 0.06009615384615385
168 0.5733173076923077 0.8689903846153846 0.038461538461538464 0.057692307692307696
9 0.5745192307692307 0.9302884615384616 0.036057692307692304 0.05048076923076923