16 0.3858173076923077 0.36177884615384615 0.03365384615384615 0.04326923076923077
16 0.43028846153846156 0.359375 0.036057692307692304 0.04807692307692308
20 0.47836538461538464 0.3581730769230769 0.03365384615384615 0.04567307692307692
20 0.5216346153846154 0.35697115384615385 0.036057692307692304 0.04807692307692308
11 0.5685096153846154 0.4170673076923077 0.03365384615384615 0.04326923076923077
11 0.6105769230769231 0.41466346153846156 0.03365384615384615 0.04326923076923077
10 0.47836538461538464 0.41947115384615385 0.03125 0.04567307692307692
10 0.5240384615384616 0.41947115384615385 0.03365384615384615 0.04807692307692308
113 0.38822115384615385 0.4254807692307692 0.03365384615384615 0.04807692307692308
113 0.4326923076923077 0.4230769230769231 0.036057692307692304 0.04567307692307692
111 0.5685096153846154 0.47596153846153844 0.03365384615384615 0.04326923076923077
111 0.6117788461538461 0.47475961538461536 0.036057692307692304 0.04326923076923077
110 0.4795673076923077 0.4807692307692308 0.036057692307692304 0.040865384615384616
110 0.5240384615384616 0.4795673076923077 0.03365384615384615 0.04326923076923077
99 0.390625 0.4855769230769231 0.038461538461538464 0.04326923076923077
99 0.4338942307692308 0.4831730769230769 0.036057692307692304 0.04567307692307692
85 0.5685096153846154 0.5360576923076923 0.03365384615384615 0.04326923076923077
85 0.6105769230769231 0.5336538461538461 0.03365384615384615 0.04326923076923077
72 0.48197115384615385 0.5408653846153846 0.03365384615384615 0.040865384615384616
72 0.5240384615384616 0.5384615384615384 0.03365384615384615 0.04326923076923077
53 0.3942307692307692 0.5456730769230769 0.036057692307692304 0.040865384615384616
53 0.4362980769230769 0.5432692307692307 0.036057692307692304 0.04567307692307692
35 0.5685096153846154 0.5925480769230769 0.03365384615384615 0.038461538461538464
35 0.6105769230769231 0.5901442307692307 0.03365384615384615 0.04567307692307692
277 0.4831730769230769 0.5985576923076923 0.03365384615384615 0.040865384615384616
9 0.5252403846153846 0.5961538461538461 0.03365384615384615 0.040865384615384616
119 0.39663461538461536 0.6033653846153846 0.03365384615384615 0.04326923076923077
119 0.4375 0.5997596153846154 0.03365384615384615 0.04326923076923077
275 0.39783653846153844 0.6598557692307693 0.03365384615384615 0.04326923076923077
264 0.40024038461538464 0.7151442307692307 0.03365384615384615 0.040865384615384616
259 0.484375 0.6538461538461539 0.03125 0.038461538461538464
263 0.4855769230769231 0.7091346153846154 0.028846153846153848 0.036057692307692304
291 0.43990384615384615 0.6586538461538461 0.03125 0.040865384615384616
291 0.4423076923076923 0.7127403846153846 0.03365384615384615 0.038461538461538464
291 0.5264423076923077 0.6526442307692307 0.03365384615384615 0.04326923076923077
291 0.5264423076923077 0.7067307692307693 0.03365384615384615 0.038461538461538464
272 0.6105769230769231 0.6454326923076923 0.03365384615384615 0.04326923076923077
289 0.5697115384615384 0.6490384615384616 0.03365384615384615 0.040865384615384616