365 0.5024038461538461 0.4699519230769231 0.019230769230769232 0.036057692307692304
365 0.5024038461538461 0.5336538461538461 0.021634615384615384 0.03365384615384615
365 0.5865384615384616 0.4675480769230769 0.021634615384615384 0.036057692307692304
365 0.5865384615384616 0.5348557692307693 0.021634615384615384 0.03365384615384615
365 0.6177884615384616 0.46875 0.021634615384615384 0.036057692307692304
365 0.6165865384615384 0.5348557692307693 0.021634615384615384 0.03365384615384615
365 0.6490384615384616 0.46875 0.02403846153846154 0.036057692307692304
365 0.6466346153846154 0.5348557692307693 0.021634615384615384 0.03365384615384615
365 0.6802884615384616 0.4699519230769231 0.02403846153846154 0.036057692307692304
365 0.6790865384615384 0.5360576923076923 0.021634615384615384 0.03365384615384615
131 0.45552884615384615 0.5408653846153846 0.03365384615384615 0.057692307692307696
365 0.6177884615384616 0.38461538461538464 0.02403846153846154 0.036057692307692304
273 0.45552884615384615 0.421875 0.05048076923076923 0.14182692307692307
273 0.5360576923076923 0.38100961538461536 0.07932692307692307 0.057692307692307696