320 0.5408653846153846 0.24519230769230768 0.05048076923076923 0.0673076923076923
365 0.7307692307692307 0.23798076923076922 0.055288461538461536 0.08173076923076923
53 0.49278846153846156 0.3545673076923077 0.055288461538461536 0.07211538461538461
53 0.5408653846153846 0.3545673076923077 0.05048076923076923 0.0673076923076923
35 0.49158653846153844 0.46875 0.04807692307692308 0.0673076923076923
35 0.5408653846153846 0.4651442307692308 0.05048076923076923 0.06971153846153846
9 0.49278846153846156 0.5697115384615384 0.052884615384615384 0.06490384615384616
9 0.5408653846153846 0.5697115384615384 0.05048076923076923 0.06490384615384616
275 0.4963942307692308 0.6766826923076923 0.04807692307692308 0.0625
365 0.5420673076923077 0.6790865384615384 0.04807692307692308 0.06490384615384616
272 0.6346153846153846 0.6766826923076923 0.04326923076923077 0.06009615384615385
272 0.5420673076923077 0.796875 0.05048076923076923 0.06490384615384616
272 0.6358173076923077 0.796875 0.04807692307692308 0.0673076923076923
272 0.7295673076923077 0.7932692307692307 0.05048076923076923 0.06490384615384616