9 0.5048076923076923 0.5973557692307693 0.02403846153846154 0.036057692307692304
35 0.5348557692307693 0.5961538461538461 0.02403846153846154 0.03365384615384615
53 0.5649038461538461 0.5949519230769231 0.026442307692307692 0.036057692307692304
72 0.5060096153846154 0.6358173076923077 0.02403846153846154 0.03365384615384615
85 0.5348557692307693 0.6358173076923077 0.02403846153846154 0.036057692307692304
99 0.5661057692307693 0.6334134615384616 0.02403846153846154 0.036057692307692304
110 0.5060096153846154 0.6742788461538461 0.02403846153846154 0.03365384615384615
99 0.5372596153846154 0.6742788461538461 0.02403846153846154 0.036057692307692304
113 0.5661057692307693 0.671875 0.02403846153846154 0.036057692307692304
276 0.5072115384615384 0.7127403846153846 0.02403846153846154 0.036057692307692304
8 0.5372596153846154 0.7115384615384616 0.02403846153846154 0.036057692307692304
187 0.5673076923076923 0.7103365384615384 0.02403846153846154 0.03365384615384615
131 0.5384615384615384 0.75 0.08413461538461539 0.036057692307692304
273 0.5324519230769231 0.5012019230769231 0.07932692307692307 0.07932692307692307