265 0.4519230769230769 0.20673076923076922 0.03365384615384615 0.028846153846153848
366 0.5432692307692307 0.21754807692307693 0.028846153846153848 0.026442307692307692
298 0.5024038461538461 0.328125 0.03125 0.028846153846153848
11 0.47475961538461536 0.46033653846153844 0.03125 0.026442307692307692
113 0.47596153846153844 0.5 0.03125 0.026442307692307692
110 0.47716346153846156 0.5420673076923077 0.028846153846153848 0.026442307692307692
85 0.47836538461538464 0.5829326923076923 0.028846153846153848 0.026442307692307692
53 0.4795673076923077 0.6237980769230769 0.026442307692307692 0.026442307692307692
9 0.48197115384615385 0.6622596153846154 0.03125 0.026442307692307692
152 0.4831730769230769 0.703125 0.03125 0.026442307692307692
42 0.5372596153846154 0.41947115384615385 0.028846153846153848 0.026442307692307692
39 0.5384615384615384 0.4579326923076923 0.028846153846153848 0.028846153846153848
37 0.5384615384615384 0.4987980769230769 0.028846153846153848 0.026442307692307692
28 0.5420673076923077 0.5384615384615384 0.028846153846153848 0.02403846153846154
25 0.5432692307692307 0.5769230769230769 0.028846153846153848 0.02403846153846154
23 0.5432692307692307 0.6165865384615384 0.028846153846153848 0.02403846153846154
20 0.5456730769230769 0.65625 0.028846153846153848 0.02403846153846154
136 0.48197115384615385 0.7896634615384616 0.03365384615384615 0.028846153846153848
142 0.5516826923076923 0.7776442307692307 0.03125 0.026442307692307692
323 0.4879807692307692 0.8377403846153846 0.036057692307692304 0.028846153846153848
323 0.5564903846153846 0.8233173076923077 0.03365384615384615 0.028846153846153848
272 0.5204326923076923 0.8798076923076923 0.03365384615384615 0.028846153846153848