11 0.44591346153846156 0.21153846153846154 0.055288461538461536 0.07451923076923077
113 0.4483173076923077 0.2956730769230769 0.052884615384615384 0.06971153846153846
110 0.4519230769230769 0.37259615384615385 0.04807692307692308 0.06490384615384616
85 0.453125 0.4483173076923077 0.04807692307692308 0.0673076923076923
53 0.45552884615384615 0.5216346153846154 0.04807692307692308 0.06009615384615385
9 0.4579326923076923 0.5877403846153846 0.05048076923076923 0.0625
10 0.5901442307692307 0.2848557692307692 0.04807692307692308 0.0673076923076923
111 0.5889423076923077 0.3605769230769231 0.04807692307692308 0.0673076923076923
99 0.5877403846153846 0.4362980769230769 0.04567307692307692 0.06490384615384616
72 0.5877403846153846 0.5060096153846154 0.04567307692307692 0.06009615384615385
35 0.5865384615384616 0.5745192307692307 0.04326923076923077 0.057692307692307696
275 0.46033653846153844 0.6802884615384616 0.04567307692307692 0.057692307692307696
264 0.5853365384615384 0.6670673076923077 0.04326923076923077 0.057692307692307696
365 0.9447115384615384 0.18269230769230768 0.04326923076923077 0.0673076923076923
365 0.9387019230769231 0.25600961538461536 0.040865384615384616 0.0625
365 0.9278846153846154 0.328125 0.040865384615384616 0.06009615384615385
365 0.9206730769230769 0.39663461538461536 0.038461538461538464 0.06009615384615385
365 0.9122596153846154 0.46274038461538464 0.036057692307692304 0.055288461538461536
365 0.90625 0.5264423076923077 0.040865384615384616 0.06009615384615385
275 0.8966346153846154 0.6117788461538461 0.038461538461538464 0.055288461538461536
365 0.8293269230769231 0.265625 0.04326923076923077 0.06490384615384616
111 0.8221153846153846 0.3401442307692308 0.04326923076923077 0.0625
365 0.8185096153846154 0.41225961538461536 0.038461538461538464 0.06009615384615385
365 0.8112980769230769 0.47836538461538464 0.036057692307692304 0.06490384615384616
365 0.8088942307692307 0.5456730769230769 0.038461538461538464 0.057692307692307696
264 0.8004807692307693 0.6334134615384616 0.036057692307692304 0.06009615384615385