85 0.28846153846153844 0.328125 0.07211538461538461 0.1201923076923077
53 0.2980769230769231 0.4651442307692308 0.07211538461538461 0.11298076923076923
9 0.30649038461538464 0.5913461538461539 0.07211538461538461 0.12259615384615384
121 0.31490384615384615 0.7139423076923077 0.0673076923076923 0.11778846153846154
99 0.36538461538461536 0.31009615384615385 0.06490384615384616 0.11538461538461539
72 0.3713942307692308 0.43990384615384615 0.0673076923076923 0.10576923076923077
35 0.3762019230769231 0.5661057692307693 0.06490384615384616 0.10817307692307693
120 0.3870192307692308 0.6814903846153846 0.06009615384615385 0.10576923076923077
275 0.29086538461538464 0.8725961538461539 0.0625 0.12980769230769232
259 0.36177884615384615 0.8353365384615384 0.057692307692307696 0.12259615384615384
264 0.4266826923076923 0.8112980769230769 0.052884615384615384 0.1201923076923077