56 0.2848557692307692 0.21634615384615385 0.038461538461538464 0.06490384615384616
55 0.28846153846153844 0.29086538461538464 0.040865384615384616 0.0673076923076923
54 0.29086538461538464 0.3629807692307692 0.040865384615384616 0.06490384615384616
47 0.2932692307692308 0.4375 0.038461538461538464 0.0625
365 0.296875 0.5072115384615384 0.038461538461538464 0.0673076923076923
16 0.29927884615384615 0.5793269230769231 0.040865384615384616 0.0625
35 0.3004807692307692 0.6514423076923077 0.038461538461538464 0.06490384615384616
152 0.30288461538461536 0.7211538461538461 0.038461538461538464 0.0625
73 0.33774038461538464 0.21634615384615385 0.040865384615384616 0.0673076923076923
64 0.3401442307692308 0.28846153846153844 0.038461538461538464 0.0673076923076923
63 0.3425480769230769 0.3605769230769231 0.038461538461538464 0.06490384615384616
62 0.34615384615384615 0.43149038461538464 0.038461538461538464 0.06009615384615385
61 0.3473557692307692 0.5036057692307693 0.038461538461538464 0.0625
60 0.35096153846153844 0.5733173076923077 0.038461538461538464 0.06490384615384616
59 0.35336538461538464 0.6430288461538461 0.038461538461538464 0.0625
57 0.3545673076923077 0.7139423076923077 0.036057692307692304 0.06490384615384616
86 0.3894230769230769 0.21514423076923078 0.038461538461538464 0.06490384615384616
226 0.3918269230769231 0.2860576923076923 0.038461538461538464 0.06490384615384616
79 0.3942307692307692 0.3581730769230769 0.036057692307692304 0.06009615384615385
78 0.3954326923076923 0.42908653846153844 0.036057692307692304 0.06009615384615385
77 0.39783653846153844 0.4987980769230769 0.036057692307692304 0.0625
76 0.39903846153846156 0.5673076923076923 0.036057692307692304 0.06009615384615385
75 0.4014423076923077 0.6346153846153846 0.036057692307692304 0.0625
74 0.4026442307692308 0.7055288461538461 0.038461538461538464 0.06490384615384616
275 0.3076923076923077 0.8377403846153846 0.036057692307692304 0.06490384615384616
264 0.40625 0.8185096153846154 0.036057692307692304 0.06490384615384616