72 0.4855769230769231 0.21514423076923078 0.10576923076923077 0.13701923076923078
53 0.4855769230769231 0.3786057692307692 0.09134615384615384 0.10817307692307693
35 0.48677884615384615 0.5120192307692307 0.08413461538461539 0.09134615384615384
9 0.48677884615384615 0.6262019230769231 0.07932692307692307 0.07932692307692307
259 0.4483173076923077 0.7259615384615384 0.07451923076923077 0.07211538461538461
263 0.53125 0.7139423076923077 0.06971153846153846 0.07451923076923077
275 0.4543269230769231 0.8088942307692307 0.06971153846153846 0.06971153846153846
264 0.5300480769230769 0.7920673076923077 0.0673076923076923 0.06490384615384616
272 0.4579326923076923 0.8930288461538461 0.055288461538461536 0.05048076923076923
272 0.5276442307692307 0.8774038461538461 0.055288461538461536 0.055288461538461536
272 0.45913461538461536 0.9447115384615384 0.052884615384615384 0.05048076923076923
272 0.5264423076923077 0.9350961538461539 0.055288461538461536 0.05048076923076923