323 0.10216346153846154 0.24278846153846154 0.16105769230769232 0.06009615384615385
131 0.8774038461538461 0.234375 0.18028846153846154 0.11298076923076923
275 0.7211538461538461 0.42427884615384615 0.15384615384615385 0.07932692307692307
264 0.8774038461538461 0.4230769230769231 0.15625 0.07932692307692307
53 0.16947115384615385 0.5829326923076923 0.13701923076923078 0.07211538461538461
72 0.30288461538461536 0.5817307692307693 0.13221153846153846 0.07211538461538461
83 0.43509615384615385 0.5817307692307693 0.1346153846153846 0.07451923076923077
85 0.5685096153846154 0.5829326923076923 0.13701923076923078 0.07451923076923077
99 0.7067307692307693 0.5829326923076923 0.14182692307692307 0.07211538461538461
120 0.18389423076923078 0.6850961538461539 0.12259615384615384 0.06490384615384616
152 0.3112980769230769 0.6850961538461539 0.125 0.06971153846153846
187 0.43990384615384615 0.6862980769230769 0.12980769230769232 0.06971153846153846
9 0.5685096153846154 0.6875 0.12980769230769232 0.06971153846153846
35 0.703125 0.6862980769230769 0.13942307692307693 0.06971153846153846
273 0.35096153846153844 0.42427884615384615 0.5721153846153846 0.125