266 0.7115384615384616 0.3016826923076923 0.1466346153846154 0.05048076923076923
272 0.5480769230769231 0.7884615384615384 0.036057692307692304 0.057692307692307696
272 0.6947115384615384 0.8317307692307693 0.04326923076923077 0.06490384615384616
289 0.5444711538461539 0.8713942307692307 0.052884615384615384 0.055288461538461536
259 0.7007211538461539 0.9375 0.16105769230769232 0.0985576923076923
72 0.7127403846153846 0.4110576923076923 0.17548076923076922 0.06971153846153846
53 0.7127403846153846 0.46634615384615385 0.17548076923076922 0.06971153846153846
35 0.7103365384615384 0.5168269230769231 0.17307692307692307 0.07451923076923077
9 0.7091346153846154 0.5673076923076923 0.17307692307692307 0.06490384615384616
144 0.7079326923076923 0.6177884615384616 0.17307692307692307 0.06971153846153846
250 0.7079326923076923 0.6622596153846154 0.17307692307692307 0.06971153846153846
251 0.7055288461538461 0.7151442307692307 0.17307692307692307 0.06971153846153846