259 0.6009615384615384 0.1935096153846154 0.052884615384615384 0.05048076923076923
99 0.5997596153846154 0.3317307692307692 0.052884615384615384 0.04807692307692308
85 0.4411057692307692 0.3762019230769231 0.055288461538461536 0.04807692307692308
72 0.5985576923076923 0.42427884615384615 0.052884615384615384 0.04807692307692308
53 0.4411057692307692 0.4675480769230769 0.052884615384615384 0.04567307692307692
35 0.5985576923076923 0.5120192307692307 0.057692307692307696 0.04807692307692308
9 0.4411057692307692 0.5576923076923077 0.052884615384615384 0.04326923076923077
187 0.5961538461538461 0.6009615384615384 0.057692307692307696 0.04807692307692308
253 0.43990384615384615 0.6478365384615384 0.052884615384615384 0.04326923076923077
272 0.5949519230769231 0.7115384615384616 0.052884615384615384 0.04567307692307692
272 0.4375 0.7103365384615384 0.055288461538461536 0.04326923076923077
275 0.4387019230769231 0.7800480769230769 0.055288461538461536 0.04326923076923077
264 0.5961538461538461 0.7788461538461539 0.052884615384615384 0.04326923076923077
290 0.5180288461538461 0.8762019230769231 0.03125 0.04807692307692308
366 0.5961538461538461 0.9615384615384616 0.05048076923076923 0.04567307692307692
265 0.4375 0.9627403846153846 0.04807692307692308 0.04807692307692308