259 0.125 0.07451923076923077 0.25 0.14903846153846154
365 0.3713942307692308 0.07451923076923077 0.24759615384615385 0.14903846153846154
266 0.6213942307692307 0.0733173076923077 0.24759615384615385 0.1466346153846154
266 0.8689903846153846 0.07451923076923077 0.23798076923076922 0.14903846153846154
266 0.12860576923076922 0.27524038461538464 0.24759615384615385 0.17067307692307693
266 0.3798076923076923 0.2764423076923077 0.25240384615384615 0.17307692307692307
288 0.625 0.27524038461538464 0.25 0.17067307692307693
72 0.875 0.27524038461538464 0.24278846153846154 0.17548076923076922
266 0.13581730769230768 0.4879807692307692 0.2620192307692308 0.18028846153846154
288 0.3894230769230769 0.4855769230769231 0.24278846153846154 0.1778846153846154
288 0.6334134615384616 0.48197115384615385 0.24759615384615385 0.17548076923076922
53 0.8786057692307693 0.4795673076923077 0.23798076923076922 0.1658653846153846
264 0.14423076923076922 0.6959134615384616 0.2620192307692308 0.17548076923076922
275 0.39663461538461536 0.6935096153846154 0.24519230769230768 0.17548076923076922
250 0.6442307692307693 0.6875 0.23798076923076922 0.17548076923076922
35 0.8858173076923077 0.6850961538461539 0.22115384615384615 0.1778846153846154
261 0.1502403846153846 0.9002403846153846 0.2620192307692308 0.18028846153846154
266 0.4026442307692308 0.8966346153846154 0.23557692307692307 0.17307692307692307
52 0.6442307692307693 0.890625 0.24759615384615385 0.17067307692307693
9 0.8846153846153846 0.890625 0.21875 0.16826923076923078