323 0.4074519230769231 0.25721153846153844 0.052884615384615384 0.040865384615384616
272 0.5276442307692307 0.2824519230769231 0.038461538461538464 0.03365384615384615
260 0.35697115384615385 0.3473557692307692 0.052884615384615384 0.04326923076923077
264 0.45552884615384615 0.3449519230769231 0.052884615384615384 0.040865384615384616
259 0.3581730769230769 0.4014423076923077 0.052884615384615384 0.04326923076923077
323 0.45552884615384615 0.4026442307692308 0.052884615384615384 0.04326923076923077
43 0.35697115384615385 0.48677884615384615 0.04807692307692308 0.038461538461538464
38 0.3557692307692308 0.5300480769230769 0.04807692307692308 0.038461538461538464
26 0.35697115384615385 0.5721153846153846 0.04807692307692308 0.038461538461538464
22 0.35697115384615385 0.6141826923076923 0.04567307692307692 0.040865384615384616
10 0.3557692307692308 0.6550480769230769 0.04567307692307692 0.038461538461538464
111 0.35697115384615385 0.6971153846153846 0.04567307692307692 0.038461538461538464
72 0.35697115384615385 0.7391826923076923 0.04567307692307692 0.040865384615384616
35 0.3557692307692308 0.7788461538461539 0.04567307692307692 0.038461538461538464
253 0.3557692307692308 0.8197115384615384 0.04567307692307692 0.038461538461538464
177 0.3557692307692308 0.859375 0.04567307692307692 0.04326923076923077
41 0.453125 0.5336538461538461 0.05048076923076923 0.040865384615384616
36 0.453125 0.5769230769230769 0.04567307692307692 0.038461538461538464
24 0.453125 0.6201923076923077 0.05048076923076923 0.038461538461538464
16 0.453125 0.6634615384615384 0.05048076923076923 0.040865384615384616
111 0.453125 0.7055288461538461 0.04807692307692308 0.038461538461538464
85 0.4519230769230769 0.7487980769230769 0.04567307692307692 0.038461538461538464
53 0.4519230769230769 0.7908653846153846 0.04807692307692308 0.038461538461538464
9 0.4495192307692308 0.8305288461538461 0.04567307692307692 0.040865384615384616
152 0.45072115384615385 0.8713942307692307 0.04807692307692308 0.038461538461538464
266 0.4026442307692308 0.9447115384615384 0.04807692307692308 0.04326923076923077
272 0.5192307692307693 0.8569711538461539 0.03365384615384615 0.03125