273 0.6995192307692307 0.31009615384615385 0.06009615384615385 0.08173076923076923
232 0.7427884615384616 0.8112980769230769 0.02403846153846154 0.04326923076923077
111 0.7043269230769231 0.8125 0.026442307692307692 0.04567307692307692
110 0.7439903846153846 0.8617788461538461 0.026442307692307692 0.04326923076923077
99 0.7055288461538461 0.8629807692307693 0.026442307692307692 0.04326923076923077
85 0.7475961538461539 0.9110576923076923 0.026442307692307692 0.04326923076923077
72 0.7091346153846154 0.9122596153846154 0.02403846153846154 0.038461538461538464
53 0.75 0.9627403846153846 0.02403846153846154 0.040865384615384616
35 0.7115384615384616 0.9651442307692307 0.02403846153846154 0.04326923076923077
232 0.6730769230769231 0.04807692307692308 0.02403846153846154 0.03365384615384615
111 0.5973557692307693 0.052884615384615384 0.021634615384615384 0.03365384615384615
110 0.5228365384615384 0.06009615384615385 0.016826923076923076 0.021634615384615384
99 0.4483173076923077 0.06610576923076923 0.019230769230769232 0.028846153846153848
85 0.375 0.07211538461538461 0.021634615384615384 0.03125
72 0.3016826923076923 0.07572115384615384 0.019230769230769232 0.028846153846153848
53 0.2283653846153846 0.08173076923076923 0.019230769230769232 0.026442307692307692
35 0.15625 0.08774038461538461 0.019230769230769232 0.028846153846153848
9 0.08413461538461539 0.09134615384615384 0.016826923076923076 0.026442307692307692
120 0.01201923076923077 0.0985576923076923 0.016826923076923076 0.026442307692307692
266 0.7175480769230769 0.6838942307692307 0.019230769230769232 0.03365384615384615