365 0.4362980769230769 0.234375 0.03365384615384615 0.04807692307692308
365 0.5985576923076923 0.234375 0.03365384615384615 0.04807692307692308
272 0.5168269230769231 0.234375 0.036057692307692304 0.04807692307692308
272 0.5168269230769231 0.3016826923076923 0.036057692307692304 0.04807692307692308
110 0.4375 0.3713942307692308 0.040865384615384616 0.055288461538461536
85 0.4362980769230769 0.4375 0.038461538461538464 0.052884615384615384
53 0.4375 0.5024038461538461 0.038461538461538464 0.052884615384615384
277 0.4387019230769231 0.5685096153846154 0.040865384615384616 0.055288461538461536
111 0.5444711538461539 0.3701923076923077 0.038461538461538464 0.052884615384615384
99 0.5444711538461539 0.4362980769230769 0.038461538461538464 0.052884615384615384
72 0.5432692307692307 0.5012019230769231 0.040865384615384616 0.055288461538461536
35 0.5432692307692307 0.5661057692307693 0.038461538461538464 0.05048076923076923
275 0.4387019230769231 0.6322115384615384 0.040865384615384616 0.052884615384615384
264 0.5432692307692307 0.6286057692307693 0.040865384615384616 0.05048076923076923
259 0.4387019230769231 0.6947115384615384 0.04326923076923077 0.055288461538461536
266 0.49038461538461536 0.36899038461538464 0.03365384615384615 0.04567307692307692
266 0.5973557692307693 0.36899038461538464 0.03365384615384615 0.04567307692307692
266 0.49038461538461536 0.4362980769230769 0.03365384615384615 0.04567307692307692
266 0.5973557692307693 0.43509615384615385 0.03125 0.04326923076923077
266 0.49038461538461536 0.5024038461538461 0.03365384615384615 0.04326923076923077
266 0.5961538461538461 0.5 0.03125 0.04326923076923077
266 0.49038461538461536 0.5649038461538461 0.036057692307692304 0.04567307692307692
266 0.5961538461538461 0.5661057692307693 0.03125 0.040865384615384616
354 0.49158653846153844 0.6310096153846154 0.03365384615384615 0.040865384615384616
331 0.5961538461538461 0.6298076923076923 0.03365384615384615 0.040865384615384616
320 0.49038461538461536 0.6959134615384616 0.03365384615384615 0.04326923076923077
272 0.5961538461538461 0.6935096153846154 0.03125 0.040865384615384616
344 0.5528846153846154 0.8509615384615384 0.028846153846153848 0.040865384615384616
263 0.5913461538461539 0.8497596153846154 0.04326923076923077 0.04567307692307692