9 0.22235576923076922 0.13221153846153846 0.03125 0.021634615384615384
35 0.2620192307692308 0.13822115384615385 0.028846153846153848 0.021634615384615384
53 0.29927884615384615 0.14543269230769232 0.028846153846153848 0.019230769230769232
72 0.33653846153846156 0.15264423076923078 0.026442307692307692 0.021634615384615384
85 0.37259615384615385 0.15865384615384615 0.02403846153846154 0.019230769230769232
99 0.40625 0.16466346153846154 0.02403846153846154 0.019230769230769232
110 0.4387019230769231 0.17067307692307693 0.02403846153846154 0.019230769230769232
111 0.26322115384615385 0.1622596153846154 0.028846153846153848 0.019230769230769232
113 0.3004807692307692 0.16706730769230768 0.026442307692307692 0.019230769230769232
10 0.33774038461538464 0.17427884615384615 0.02403846153846154 0.019230769230769232
11 0.37259615384615385 0.17908653846153846 0.026442307692307692 0.021634615384615384
16 0.40625 0.18509615384615385 0.02403846153846154 0.021634615384615384
265 0.3737980769230769 0.609375 0.02403846153846154 0.021634615384615384
366 0.41466346153846156 0.6057692307692307 0.021634615384615384 0.019230769230769232
99 0.375 0.6466346153846154 0.02403846153846154 0.019230769230769232
16 0.4182692307692308 0.6430288461538461 0.021634615384615384 0.019230769230769232
85 0.3786057692307692 0.6814903846153846 0.02403846153846154 0.019230769230769232
11 0.41947115384615385 0.6754807692307693 0.021634615384615384 0.019230769230769232
72 0.3798076923076923 0.7175480769230769 0.02403846153846154 0.019230769230769232
10 0.421875 0.7103365384615384 0.021634615384615384 0.019230769230769232
53 0.38221153846153844 0.7536057692307693 0.02403846153846154 0.021634615384615384
113 0.42427884615384615 0.7463942307692307 0.02403846153846154 0.021634615384615384
35 0.38461538461538464 0.7884615384615384 0.02403846153846154 0.019230769230769232
111 0.4266826923076923 0.7800480769230769 0.02403846153846154 0.019230769230769232
9 0.3870192307692308 0.8245192307692307 0.02403846153846154 0.019230769230769232
110 0.42788461538461536 0.8149038461538461 0.02403846153846154 0.019230769230769232
266 0.41225961538461536 0.8798076923076923 0.038461538461538464 0.03365384615384615