272 0.3870192307692308 0.15985576923076922 0.052884615384615384 0.09375
272 0.48677884615384615 0.15985576923076922 0.052884615384615384 0.09375
291 0.38341346153846156 0.3137019230769231 0.040865384615384616 0.06971153846153846
291 0.48677884615384615 0.3137019230769231 0.038461538461538464 0.07451923076923077
72 0.38822115384615385 0.4387019230769231 0.04567307692307692 0.07692307692307693
53 0.3858173076923077 0.5588942307692307 0.04567307692307692 0.07932692307692307
260 0.48197115384615385 0.43990384615384615 0.04326923076923077 0.07932692307692307
99 0.4807692307692308 0.5612980769230769 0.04326923076923077 0.07451923076923077
35 0.3858173076923077 0.6814903846153846 0.04326923076923077 0.08173076923076923
260 0.47836538461538464 0.6850961538461539 0.04567307692307692 0.07932692307692307
9 0.38461538461538464 0.8088942307692307 0.04567307692307692 0.07451923076923077
365 0.3701923076923077 0.06370192307692307 0.038461538461538464 0.0673076923076923