323 0.421875 0.10216346153846154 0.1201923076923077 0.11778846153846154
26 0.4254807692307692 0.2704326923076923 0.11538461538461539 0.10096153846153846
23 0.4254807692307692 0.3629807692307692 0.11538461538461539 0.0985576923076923
16 0.4266826923076923 0.4495192307692308 0.11298076923076923 0.09615384615384616
113 0.42788461538461536 0.5348557692307693 0.11057692307692307 0.08653846153846154
99 0.4266826923076923 0.6153846153846154 0.10817307692307693 0.08653846153846154
53 0.4266826923076923 0.6971153846153846 0.10817307692307693 0.08653846153846154
281 0.4266826923076923 0.7704326923076923 0.10336538461538461 0.08413461538461539
261 0.6526442307692307 0.10697115384615384 0.11057692307692307 0.11057692307692307
28 0.5372596153846154 0.2704326923076923 0.11298076923076923 0.10576923076923077
24 0.5360576923076923 0.3605769230769231 0.11298076923076923 0.10096153846153846
20 0.5336538461538461 0.4495192307692308 0.11057692307692307 0.09375
10 0.5324519230769231 0.5324519230769231 0.11057692307692307 0.09134615384615384
110 0.5300480769230769 0.6105769230769231 0.10576923076923077 0.08653846153846154
72 0.5288461538461539 0.6911057692307693 0.10576923076923077 0.08653846153846154
9 0.5276442307692307 0.7632211538461539 0.10576923076923077 0.08173076923076923
36 0.6430288461538461 0.2692307692307692 0.11057692307692307 0.10096153846153846
25 0.640625 0.3605769230769231 0.10576923076923077 0.10096153846153846
22 0.6370192307692307 0.44591346153846156 0.10576923076923077 0.09134615384615384
11 0.6334134615384616 0.5288461538461539 0.0985576923076923 0.09134615384615384
111 0.6286057692307693 0.609375 0.09615384615384616 0.08653846153846154
85 0.6274038461538461 0.6875 0.09375 0.08413461538461539
35 0.6237980769230769 0.7596153846153846 0.09375 0.07692307692307693
259 0.4266826923076923 0.8954326923076923 0.10336538461538461 0.08413461538461539
275 0.5252403846153846 0.890625 0.0985576923076923 0.08173076923076923
264 0.6189903846153846 0.8870192307692307 0.0889423076923077 0.08413461538461539
365 0.9074519230769231 0.26802884615384615 0.09375 0.09134615384615384
365 0.9002403846153846 0.359375 0.09375 0.08653846153846154