259 0.4375 0.3076923076923077 0.028846153846153848 0.026442307692307692
263 0.4891826923076923 0.3088942307692308 0.028846153846153848 0.026442307692307692
275 0.4387019230769231 0.35697115384615385 0.028846153846153848 0.026442307692307692
264 0.49038461538461536 0.3557692307692308 0.026442307692307692 0.026442307692307692
10 0.43990384615384615 0.4026442307692308 0.03125 0.028846153846153848
113 0.4411057692307692 0.4338942307692308 0.028846153846153848 0.026442307692307692
111 0.4411057692307692 0.4651442307692308 0.028846153846153848 0.026442307692307692
110 0.4423076923076923 0.49399038461538464 0.028846153846153848 0.02403846153846154
99 0.44350961538461536 0.5240384615384616 0.028846153846153848 0.02403846153846154
85 0.44471153846153844 0.5528846153846154 0.028846153846153848 0.02403846153846154
72 0.44591346153846156 0.5817307692307693 0.026442307692307692 0.02403846153846154
53 0.44591346153846156 0.6105769230769231 0.026442307692307692 0.02403846153846154
35 0.44711538461538464 0.6394230769230769 0.026442307692307692 0.02403846153846154
9 0.4483173076923077 0.6670673076923077 0.026442307692307692 0.02403846153846154
152 0.4483173076923077 0.6959134615384616 0.026442307692307692 0.02403846153846154
119 0.4495192307692308 0.7235576923076923 0.028846153846153848 0.02403846153846154
120 0.45072115384615385 0.7512019230769231 0.028846153846153848 0.02403846153846154
38 0.49038461538461536 0.4014423076923077 0.03125 0.026442307692307692
37 0.49158653846153844 0.43028846153846156 0.028846153846153848 0.02403846153846154
36 0.49158653846153844 0.46033653846153844 0.028846153846153848 0.02403846153846154
28 0.49278846153846156 0.4891826923076923 0.028846153846153848 0.02403846153846154
26 0.49278846153846156 0.5180288461538461 0.026442307692307692 0.02403846153846154
25 0.49399038461538464 0.546875 0.026442307692307692 0.02403846153846154
24 0.49399038461538464 0.5757211538461539 0.026442307692307692 0.02403846153846154
23 0.4951923076923077 0.6033653846153846 0.026442307692307692 0.02403846153846154
22 0.4963942307692308 0.6298076923076923 0.026442307692307692 0.02403846153846154
20 0.4963942307692308 0.6586538461538461 0.026442307692307692 0.021634615384615384
16 0.49759615384615385 0.6850961538461539 0.026442307692307692 0.02403846153846154
11 0.49759615384615385 0.7115384615384616 0.028846153846153848 0.02403846153846154