259 0.5240384615384616 0.3918269230769231 0.02403846153846154 0.02403846153846154
265 0.4735576923076923 0.44471153846153844 0.026442307692307692 0.02403846153846154
366 0.5240384615384616 0.44350961538461536 0.021634615384615384 0.02403846153846154
20 0.4735576923076923 0.49158653846153844 0.02403846153846154 0.02403846153846154
113 0.47475961538461536 0.5276442307692307 0.02403846153846154 0.02403846153846154
85 0.47596153846153844 0.5649038461538461 0.021634615384615384 0.02403846153846154
152 0.47716346153846156 0.6021634615384616 0.02403846153846154 0.026442307692307692
23 0.5240384615384616 0.48677884615384615 0.021634615384615384 0.02403846153846154
11 0.5252403846153846 0.5228365384615384 0.019230769230769232 0.02403846153846154
110 0.5264423076923077 0.5576923076923077 0.021634615384615384 0.02403846153846154
53 0.5264423076923077 0.59375 0.021634615384615384 0.02403846153846154
275 0.47836538461538464 0.6526442307692307 0.02403846153846154 0.026442307692307692
264 0.5276442307692307 0.6430288461538461 0.019230769230769232 0.026442307692307692
272 0.5036057692307693 0.6887019230769231 0.016826923076923076 0.014423076923076924
260 0.4951923076923077 0.28846153846153844 0.028846153846153848 0.026442307692307692