111 0.5 0.33413461538461536 0.0625 0.10336538461538461
110 0.17548076923076922 0.3870192307692308 0.0673076923076923 0.10336538461538461
99 0.5024038461538461 0.4723557692307692 0.06009615384615385 0.09134615384615384
85 0.19951923076923078 0.5276442307692307 0.06490384615384616 0.10096153846153846
72 0.5 0.5973557692307693 0.055288461538461536 0.08173076923076923
53 0.21754807692307693 0.6526442307692307 0.06490384615384616 0.08413461538461539
35 0.5024038461538461 0.7079326923076923 0.055288461538461536 0.07932692307692307
168 0.23677884615384615 0.7596153846153846 0.06490384615384616 0.07692307692307693
260 0.5012019230769231 0.8473557692307693 0.04807692307692308 0.07451923076923077
260 0.25600961538461536 0.9026442307692307 0.04807692307692308 0.07451923076923077
260 0.38822115384615385 0.9567307692307693 0.04807692307692308 0.07451923076923077