273 0.5228365384615384 0.09495192307692307 0.14423076923076922 0.08653846153846154
259 0.5637019230769231 0.25 0.04326923076923077 0.03365384615384615
275 0.48197115384615385 0.390625 0.04326923076923077 0.03365384615384615
264 0.5600961538461539 0.39302884615384615 0.04326923076923077 0.028846153846153848
99 0.4795673076923077 0.515625 0.040865384615384616 0.03125
85 0.4795673076923077 0.5564903846153846 0.038461538461538464 0.028846153846153848
65 0.4795673076923077 0.5949519230769231 0.038461538461538464 0.026442307692307692
53 0.4795673076923077 0.6334134615384616 0.038461538461538464 0.026442307692307692
35 0.47836538461538464 0.671875 0.038461538461538464 0.026442307692307692
9 0.47836538461538464 0.7103365384615384 0.038461538461538464 0.026442307692307692
16 0.5576923076923077 0.47596153846153844 0.040865384615384616 0.028846153846153848
11 0.5564903846153846 0.5168269230769231 0.038461538461538464 0.028846153846153848
10 0.5552884615384616 0.5564903846153846 0.038461538461538464 0.028846153846153848
113 0.5552884615384616 0.5961538461538461 0.038461538461538464 0.026442307692307692
111 0.5540865384615384 0.6334134615384616 0.038461538461538464 0.026442307692307692
110 0.5528846153846154 0.671875 0.038461538461538464 0.026442307692307692