72 0.4639423076923077 0.14783653846153846 0.09134615384615384 0.125
53 0.4651442307692308 0.3076923076923077 0.08413461538461539 0.10576923076923077
35 0.46875 0.44471153846153844 0.07932692307692307 0.09375
277 0.4735576923076923 0.5661057692307693 0.06971153846153846 0.07932692307692307
266 0.5588942307692307 0.14903846153846154 0.07211538461538461 0.0985576923076923
266 0.5540865384615384 0.30649038461538464 0.06490384615384616 0.08653846153846154
266 0.5504807692307693 0.44591346153846156 0.0673076923076923 0.07932692307692307
266 0.5480769230769231 0.5661057692307693 0.057692307692307696 0.06971153846153846
275 0.3762019230769231 0.6935096153846154 0.0673076923076923 0.0673076923076923
304 0.44591346153846156 0.6959134615384616 0.052884615384615384 0.055288461538461536
259 0.38341346153846156 0.7848557692307693 0.06490384615384616 0.0625
365 0.4483173076923077 0.7860576923076923 0.05048076923076923 0.052884615384615384
263 0.4230769230769231 0.8665865384615384 0.0985576923076923 0.057692307692307696
300 0.39783653846153844 0.9362980769230769 0.052884615384615384 0.04807692307692308
266 0.4579326923076923 0.9387019230769231 0.04326923076923077 0.038461538461538464
264 0.5769230769230769 0.6971153846153846 0.06971153846153846 0.07211538461538461
303 0.6478365384615384 0.6971153846153846 0.04807692307692308 0.057692307692307696