273 0.5564903846153846 0.04807692307692308 0.10576923076923077 0.04567307692307692
35 0.47115384615384615 0.16706730769230768 0.11778846153846154 0.08173076923076923
9 0.4807692307692308 0.25721153846153844 0.11057692307692307 0.07932692307692307
187 0.4891826923076923 0.3425480769230769 0.10576923076923077 0.07451923076923077
253 0.49399038461538464 0.4230769230769231 0.10096153846153846 0.06971153846153846
152 0.5 0.49759615384615385 0.0985576923076923 0.06971153846153846
177 0.5072115384615384 0.5685096153846154 0.0985576923076923 0.06490384615384616
119 0.5132211538461539 0.6358173076923077 0.09375 0.06009615384615385
176 0.5180288461538461 0.7019230769230769 0.09375 0.06009615384615385
275 0.5240384615384616 0.7776442307692307 0.08653846153846154 0.057692307692307696
266 0.6502403846153846 0.24158653846153846 0.0985576923076923 0.06971153846153846
111 0.6538461538461539 0.32211538461538464 0.09615384615384616 0.07211538461538461
110 0.6574519230769231 0.39903846153846156 0.09615384615384616 0.0673076923076923
99 0.6574519230769231 0.47115384615384615 0.08653846153846154 0.06490384615384616
85 0.6598557692307693 0.5408653846153846 0.08413461538461539 0.06009615384615385
72 0.6610576923076923 0.6045673076923077 0.08413461538461539 0.06009615384615385
53 0.6634615384615384 0.6682692307692307 0.08413461538461539 0.06009615384615385
264 0.6646634615384616 0.7403846153846154 0.08413461538461539 0.055288461538461536