263 0.5048076923076923 0.40865384615384615 0.05048076923076923 0.036057692307692304
275 0.41225961538461536 0.5180288461538461 0.05048076923076923 0.03365384615384615
264 0.5036057692307693 0.5192307692307693 0.05048076923076923 0.036057692307692304
111 0.41225961538461536 0.6141826923076923 0.04807692307692308 0.03365384615384615
110 0.4098557692307692 0.6622596153846154 0.05048076923076923 0.03365384615384615
99 0.45552884615384615 0.7091346153846154 0.04807692307692308 0.03365384615384615
85 0.453125 0.7548076923076923 0.04807692307692308 0.03365384615384615
72 0.453125 0.7992788461538461 0.04807692307692308 0.03365384615384615
53 0.453125 0.84375 0.05048076923076923 0.03365384615384615
35 0.4519230769230769 0.8882211538461539 0.04807692307692308 0.03125
9 0.45072115384615385 0.9302884615384616 0.04807692307692308 0.03125
261 0.5060096153846154 0.6177884615384616 0.052884615384615384 0.038461538461538464
261 0.5060096153846154 0.6658653846153846 0.052884615384615384 0.036057692307692304
273 0.4639423076923077 0.2512019230769231 0.15384615384615385 0.05048076923076923