35 0.30288461538461536 0.2644230769230769 0.10576923076923077 0.18509615384615385
35 0.42788461538461536 0.2824519230769231 0.125 0.2283653846153846
53 0.5697115384615384 0.28966346153846156 0.11298076923076923 0.1971153846153846
53 0.703125 0.31009615384615385 0.13942307692307693 0.23317307692307693
119 0.3088942307692308 0.5649038461538461 0.10336538461538461 0.18509615384615385
260 0.42788461538461536 0.5853365384615384 0.11778846153846154 0.2091346153846154
277 0.5564903846153846 0.59375 0.13221153846153846 0.18509615384615385
9 0.6899038461538461 0.6129807692307693 0.12980769230769232 0.20673076923076922
275 0.4338942307692308 0.8605769230769231 0.0985576923076923 0.16346153846153846
354 0.5504807692307693 0.8786057692307693 0.11778846153846154 0.19471153846153846
53 0.054086538461538464 0.12740384615384615 0.052884615384615384 0.09134615384615384
99 0.06129807692307692 0.2403846153846154 0.05048076923076923 0.08653846153846154
113 0.0673076923076923 0.34975961538461536 0.04807692307692308 0.07932692307692307
260 0.0733173076923077 0.4567307692307692 0.04807692307692308 0.07451923076923077