354 0.49278846153846156 0.27283653846153844 0.055288461538461536 0.07211538461538461
331 0.5456730769230769 0.27283653846153844 0.05048076923076923 0.07451923076923077
23 0.546875 0.38461538461538464 0.052884615384615384 0.07451923076923077
111 0.4963942307692308 0.4567307692307692 0.052884615384615384 0.07451923076923077
22 0.546875 0.4567307692307692 0.052884615384615384 0.07451923076923077
16 0.5480769230769231 0.5264423076923077 0.052884615384615384 0.07451923076923077
110 0.4963942307692308 0.5288461538461539 0.052884615384615384 0.07451923076923077
99 0.49759615384615385 0.6021634615384616 0.052884615384615384 0.07451923076923077
11 0.5492788461538461 0.5973557692307693 0.052884615384615384 0.07451923076923077
10 0.5504807692307693 0.6694711538461539 0.05048076923076923 0.07451923076923077
85 0.49759615384615385 0.6754807692307693 0.052884615384615384 0.07451923076923077
53 0.5 0.7463942307692307 0.052884615384615384 0.07451923076923077
113 0.5516826923076923 0.7415865384615384 0.052884615384615384 0.07451923076923077
35 0.5 0.8221153846153846 0.052884615384615384 0.07451923076923077
9 0.5 0.8978365384615384 0.052884615384615384 0.07451923076923077