291 0.49399038461538464 0.15144230769230768 0.040865384615384616 0.05048076923076923
291 0.45072115384615385 0.15264423076923078 0.040865384615384616 0.052884615384615384
62 0.515625 0.24158653846153846 0.038461538461538464 0.05048076923076923
61 0.515625 0.3004807692307692 0.040865384615384616 0.05048076923076923
60 0.5144230769230769 0.35697115384615385 0.04326923076923077 0.052884615384615384
59 0.5144230769230769 0.41586538461538464 0.04326923076923077 0.05048076923076923
57 0.5144230769230769 0.47115384615384615 0.04326923076923077 0.05048076923076923
56 0.5120192307692307 0.5276442307692307 0.040865384615384616 0.05048076923076923
55 0.5132211538461539 0.5829326923076923 0.040865384615384616 0.052884615384615384
54 0.5120192307692307 0.6394230769230769 0.040865384615384616 0.052884615384615384
47 0.5144230769230769 0.6947115384615384 0.04326923076923077 0.05048076923076923
46 0.5108173076923077 0.7487980769230769 0.040865384615384616 0.055288461538461536
44 0.5120192307692307 0.8076923076923077 0.040865384615384616 0.052884615384615384
43 0.4723557692307692 0.24278846153846154 0.04326923076923077 0.05048076923076923
113 0.42908653846153844 0.5817307692307693 0.040865384615384616 0.05048076923076923
110 0.42908653846153844 0.6370192307692307 0.04326923076923077 0.05048076923076923
85 0.42788461538461536 0.6887019230769231 0.040865384615384616 0.04807692307692308
53 0.42908653846153844 0.7451923076923077 0.038461538461538464 0.052884615384615384
32 0.42908653846153844 0.7992788461538461 0.040865384615384616 0.04807692307692308
266 0.4723557692307692 0.29927884615384615 0.04326923076923077 0.052884615384615384
266 0.4723557692307692 0.359375 0.040865384615384616 0.052884615384615384
266 0.4723557692307692 0.4110576923076923 0.04326923076923077 0.05048076923076923
266 0.47115384615384615 0.47115384615384615 0.040865384615384616 0.052884615384615384
266 0.47115384615384615 0.5276442307692307 0.040865384615384616 0.052884615384615384
266 0.47115384615384615 0.5829326923076923 0.04567307692307692 0.055288461538461536
266 0.47115384615384615 0.6394230769230769 0.04326923076923077 0.05048076923076923
266 0.47115384615384615 0.6971153846153846 0.04326923076923077 0.055288461538461536
266 0.4699519230769231 0.7487980769230769 0.04326923076923077 0.052884615384615384
266 0.4699519230769231 0.8028846153846154 0.040865384615384616 0.055288461538461536
266 0.42788461538461536 0.2439903846153846 0.040865384615384616 0.052884615384615384
266 0.43028846153846156 0.29927884615384615 0.04326923076923077 0.057692307692307696
266 0.43028846153846156 0.35697115384615385 0.040865384615384616 0.04807692307692308
266 0.43028846153846156 0.41346153846153844 0.040865384615384616 0.05048076923076923
266 0.42908653846153844 0.47115384615384615 0.04326923076923077 0.055288461538461536
266 0.42908653846153844 0.5264423076923077 0.04326923076923077 0.05048076923076923