20 0.15144230769230768 0.11658653846153846 0.1971153846153846 0.14182692307692307
113 0.1622596153846154 0.27163461538461536 0.20432692307692307 0.13221153846153846
85 0.17548076923076922 0.4098557692307692 0.19230769230769232 0.1346153846153846
9 0.18389423076923078 0.5420673076923077 0.18509615384615385 0.12259615384615384
206 0.1971153846153846 0.6694711538461539 0.1778846153846154 0.1201923076923077
22 0.3894230769230769 0.1141826923076923 0.20192307692307693 0.15144230769230768
10 0.39302884615384615 0.26322115384615385 0.19951923076923078 0.13942307692307693
99 0.39663461538461536 0.4050480769230769 0.19471153846153846 0.14423076923076922
35 0.4026442307692308 0.5408653846153846 0.18269230769230768 0.11298076923076923
202 0.4050480769230769 0.6682692307692307 0.17307692307692307 0.12259615384615384
234 0.6298076923076923 0.11298076923076923 0.2091346153846154 0.1466346153846154
11 0.6274038461538461 0.2620192307692308 0.19951923076923078 0.13942307692307693
110 0.6201923076923077 0.4050480769230769 0.19230769230769232 0.13221153846153846
53 0.6189903846153846 0.5372596153846154 0.18269230769230768 0.12259615384615384
195 0.6153846153846154 0.6610576923076923 0.17307692307692307 0.12259615384615384
16 0.8581730769230769 0.2620192307692308 0.19951923076923078 0.13701923076923078
111 0.8449519230769231 0.4050480769230769 0.18509615384615385 0.12740384615384615
72 0.8317307692307693 0.5372596153846154 0.18269230769230768 0.125
283 0.8269230769230769 0.6610576923076923 0.18028846153846154 0.11538461538461539
275 0.21153846153846154 0.84375 0.17307692307692307 0.11298076923076923
264 0.4098557692307692 0.8425480769230769 0.17067307692307693 0.11057692307692307
259 0.609375 0.8401442307692307 0.16346153846153846 0.10576923076923077
272 0.8569711538461539 0.8329326923076923 0.0889423076923077 0.10576923076923077