26 0.5036057692307693 0.04807692307692308 0.05048076923076923 0.06971153846153846
28 0.5697115384615384 0.052884615384615384 0.05048076923076923 0.06971153846153846
24 0.5048076923076923 0.14182692307692307 0.052884615384615384 0.06971153846153846
25 0.5697115384615384 0.14182692307692307 0.04807692307692308 0.06971153846153846
22 0.5060096153846154 0.2283653846153846 0.05048076923076923 0.0673076923076923
23 0.5709134615384616 0.22956730769230768 0.052884615384615384 0.06490384615384616
11 0.5084134615384616 0.32211538461538464 0.05048076923076923 0.06490384615384616
16 0.5709134615384616 0.3173076923076923 0.05048076923076923 0.0673076923076923
113 0.5060096153846154 0.4074519230769231 0.04807692307692308 0.0625
10 0.5709134615384616 0.40024038461538464 0.05048076923076923 0.06490384615384616
110 0.5072115384615384 0.4891826923076923 0.052884615384615384 0.0673076923076923
111 0.5721153846153846 0.4807692307692308 0.05048076923076923 0.06971153846153846
85 0.5096153846153846 0.5721153846153846 0.052884615384615384 0.0673076923076923
99 0.5733173076923077 0.5649038461538461 0.05048076923076923 0.07451923076923077
53 0.5108173076923077 0.6538461538461539 0.05048076923076923 0.07451923076923077
72 0.5745192307692307 0.6430288461538461 0.05048076923076923 0.0673076923076923
152 0.5120192307692307 0.7319711538461539 0.04567307692307692 0.0625
35 0.5733173076923077 0.7211538461538461 0.052884615384615384 0.0673076923076923