263 0.53125 0.3317307692307692 0.052884615384615384 0.09375
35 0.578125 0.4891826923076923 0.038461538461538464 0.07451923076923077
53 0.6298076923076923 0.4855769230769231 0.04326923076923077 0.07692307692307693
72 0.6814903846153846 0.4795673076923077 0.04326923076923077 0.07692307692307693
121 0.5817307692307693 0.6310096153846154 0.04326923076923077 0.07692307692307693
120 0.6310096153846154 0.6262019230769231 0.04326923076923077 0.07211538461538461
9 0.6838942307692307 0.6225961538461539 0.040865384615384616 0.07451923076923077
275 0.5444711538461539 0.7548076923076923 0.038461538461538464 0.07451923076923077
264 0.6141826923076923 0.7512019230769231 0.040865384615384616 0.07211538461538461
131 0.7103365384615384 0.7439903846153846 0.040865384615384616 0.06971153846153846
273 0.42788461538461536 0.5480769230769231 0.11298076923076923 0.5144230769230769