323 0.5108173076923077 0.4098557692307692 0.04326923076923077 0.06009615384615385
323 0.6081730769230769 0.4098557692307692 0.04807692307692308 0.06490384615384616
260 0.5144230769230769 0.6129807692307693 0.040865384615384616 0.055288461538461536
260 0.609375 0.609375 0.04326923076923077 0.057692307692307696
85 0.5144230769230769 0.6754807692307693 0.04326923076923077 0.057692307692307696
99 0.609375 0.6730769230769231 0.040865384615384616 0.055288461538461536
53 0.5144230769230769 0.7403846153846154 0.04326923076923077 0.057692307692307696
260 0.609375 0.7367788461538461 0.040865384615384616 0.052884615384615384
266 0.515625 0.8064903846153846 0.040865384615384616 0.055288461538461536
35 0.609375 0.8004807692307693 0.040865384615384616 0.052884615384615384
266 0.515625 0.9567307692307693 0.040865384615384616 0.057692307692307696
266 0.6105769230769231 0.9507211538461539 0.040865384615384616 0.052884615384615384