11 0.43149038461538464 0.12379807692307693 0.07932692307692307 0.11057692307692307
260 0.6057692307692307 0.12860576923076922 0.07451923076923077 0.11057692307692307
113 0.4338942307692308 0.25 0.07211538461538461 0.09615384615384616
10 0.6021634615384616 0.24639423076923078 0.07692307692307693 0.10817307692307693
110 0.43509615384615385 0.36778846153846156 0.07451923076923077 0.10576923076923077
111 0.6009615384615384 0.3641826923076923 0.07451923076923077 0.10096153846153846
85 0.4362980769230769 0.4807692307692308 0.07692307692307693 0.10576923076923077
99 0.6033653846153846 0.4723557692307692 0.06971153846153846 0.09134615384615384
266 0.4387019230769231 0.5853365384615384 0.07211538461538461 0.09615384615384616
72 0.5997596153846154 0.5757211538461539 0.06971153846153846 0.09375
266 0.4423076923076923 0.6947115384615384 0.06971153846153846 0.09134615384615384
266 0.5997596153846154 0.6790865384615384 0.06971153846153846 0.09615384615384616
266 0.5997596153846154 0.78125 0.06490384615384616 0.09134615384615384
266 0.44591346153846156 0.9338942307692307 0.07451923076923077 0.09375
266 0.5997596153846154 0.9134615384615384 0.0673076923076923 0.09134615384615384