39 0.47716346153846156 0.17908653846153846 0.038461538461538464 0.0673076923076923
38 0.5420673076923077 0.2776442307692308 0.03365384615384615 0.07692307692307693
37 0.47716346153846156 0.27884615384615385 0.038461538461538464 0.06490384615384616
36 0.4098557692307692 0.27524038461538464 0.036057692307692304 0.06971153846153846
28 0.5396634615384616 0.375 0.036057692307692304 0.06971153846153846
26 0.47596153846153844 0.3713942307692308 0.03365384615384615 0.0625
25 0.41225961538461536 0.3737980769230769 0.036057692307692304 0.06490384615384616
24 0.5408653846153846 0.47115384615384615 0.03365384615384615 0.06490384615384616
23 0.47475961538461536 0.46634615384615385 0.03365384615384615 0.0625
22 0.4098557692307692 0.4699519230769231 0.03365384615384615 0.06490384615384616
20 0.5372596153846154 0.5600961538461539 0.038461538461538464 0.06009615384615385
16 0.47475961538461536 0.5600961538461539 0.036057692307692304 0.0625
11 0.41225961538461536 0.5600961538461539 0.03365384615384615 0.06009615384615385
10 0.5360576923076923 0.6526442307692307 0.03365384615384615 0.0625
113 0.47475961538461536 0.6550480769230769 0.038461538461538464 0.0625
111 0.4110576923076923 0.6526442307692307 0.036057692307692304 0.06009615384615385
110 0.5360576923076923 0.7427884615384616 0.03365384615384615 0.06490384615384616
99 0.47475961538461536 0.7427884615384616 0.03125 0.06009615384615385
85 0.4110576923076923 0.7475961538461539 0.036057692307692304 0.0625
72 0.5372596153846154 0.8293269230769231 0.03125 0.06490384615384616
260 0.47716346153846156 0.8305288461538461 0.03365384615384615 0.06490384615384616
9 0.4110576923076923 0.8341346153846154 0.03125 0.06009615384615385
275 0.4110576923076923 0.9326923076923077 0.03125 0.06009615384615385
264 0.4723557692307692 0.9326923076923077 0.03125 0.06009615384615385
259 0.5348557692307693 0.9278846153846154 0.03125 0.057692307692307696