263 0.5348557692307693 0.027644230769230768 0.038461538461538464 0.055288461538461536
113 0.5408653846153846 0.19110576923076922 0.03365384615384615 0.06490384615384616
111 0.5853365384615384 0.296875 0.03365384615384615 0.0625
110 0.5396634615384616 0.3004807692307692 0.03365384615384615 0.0625
99 0.5841346153846154 0.40024038461538464 0.03365384615384615 0.057692307692307696
85 0.5384615384615384 0.40625 0.03365384615384615 0.06009615384615385
72 0.5817307692307693 0.5 0.03365384615384615 0.057692307692307696
53 0.5396634615384616 0.5036057692307693 0.03125 0.057692307692307696
35 0.5817307692307693 0.59375 0.028846153846153848 0.055288461538461536
9 0.5396634615384616 0.5985576923076923 0.03125 0.057692307692307696
120 0.5805288461538461 0.6838942307692307 0.03125 0.055288461538461536
121 0.5384615384615384 0.6899038461538461 0.028846153846153848 0.052884615384615384
275 0.5396634615384616 0.8149038461538461 0.028846153846153848 0.052884615384615384
264 0.5805288461538461 0.8088942307692307 0.028846153846153848 0.052884615384615384