11 0.24519230769230768 0.13822115384615385 0.2403846153846154 0.2764423076923077
99 0.2692307692307692 0.42908653846153844 0.21875 0.24278846153846154
9 0.28725961538461536 0.6694711538461539 0.19471153846153846 0.20673076923076922
16 0.515625 0.14783653846153846 0.23798076923076922 0.2932692307692308
110 0.5084134615384616 0.4495192307692308 0.21153846153846154 0.2668269230769231
72 0.5084134615384616 0.6887019230769231 0.19230769230769232 0.19471153846153846
22 0.7848557692307693 0.16826923076923078 0.25240384615384615 0.2932692307692308
10 0.7512019230769231 0.4639423076923077 0.22596153846153846 0.23557692307692307
85 0.7223557692307693 0.7043269230769231 0.2091346153846154 0.19951923076923078
275 0.3088942307692308 0.9230769230769231 0.1778846153846154 0.15144230769230768
259 0.5 0.9266826923076923 0.17307692307692307 0.14182692307692307