275 0.2620192307692308 0.203125 0.10336538461538461 0.06490384615384616
264 0.39663461538461536 0.203125 0.0985576923076923 0.0625
259 0.5396634615384616 0.20072115384615385 0.10096153846153846 0.06490384615384616
289 0.6706730769230769 0.20072115384615385 0.10096153846153846 0.06490384615384616
354 0.2548076923076923 0.2644230769230769 0.07692307692307693 0.04807692307692308
331 0.39663461538461536 0.2620192307692308 0.07692307692307693 0.04807692307692308
320 0.5360576923076923 0.26322115384615385 0.07451923076923077 0.05048076923076923
363 0.671875 0.2620192307692308 0.09375 0.0625
11 0.20192307692307693 0.3581730769230769 0.10096153846153846 0.06490384615384616
11 0.3076923076923077 0.3605769230769231 0.10576923076923077 0.06971153846153846
113 0.20192307692307693 0.43509615384615385 0.09615384615384616 0.06490384615384616
113 0.30649038461538464 0.4362980769230769 0.10817307692307693 0.06971153846153846
110 0.20072115384615385 0.5120192307692307 0.09615384615384616 0.06490384615384616
110 0.3088942307692308 0.5120192307692307 0.10576923076923077 0.0673076923076923
85 0.20192307692307693 0.5865384615384616 0.09615384615384616 0.06490384615384616
85 0.3076923076923077 0.5889423076923077 0.10336538461538461 0.06971153846153846
53 0.20072115384615385 0.6622596153846154 0.09615384615384616 0.0673076923076923
53 0.30649038461538464 0.6646634615384616 0.10096153846153846 0.0673076923076923
277 0.19951923076923078 0.7379807692307693 0.09615384615384616 0.06490384615384616
9 0.30649038461538464 0.7415865384615384 0.10817307692307693 0.07211538461538461
16 0.5264423076923077 0.3581730769230769 0.10336538461538461 0.06490384615384616
16 0.6286057692307693 0.35697115384615385 0.10817307692307693 0.06971153846153846
10 0.5216346153846154 0.4338942307692308 0.10336538461538461 0.06490384615384616
10 0.6310096153846154 0.43509615384615385 0.11298076923076923 0.06971153846153846
111 0.5228365384615384 0.5108173076923077 0.10096153846153846 0.06490384615384616
111 0.6286057692307693 0.5108173076923077 0.10817307692307693 0.06490384615384616
99 0.5240384615384616 0.5865384615384616 0.10336538461538461 0.06490384615384616
99 0.6322115384615384 0.5877403846153846 0.10576923076923077 0.0673076923076923
72 0.5216346153846154 0.6646634615384616 0.0985576923076923 0.06490384615384616
72 0.6298076923076923 0.6646634615384616 0.11057692307692307 0.0673076923076923
35 0.5216346153846154 0.7415865384615384 0.10336538461538461 0.0673076923076923
35 0.6310096153846154 0.7415865384615384 0.10817307692307693 0.07211538461538461