111 0.359375 0.1935096153846154 0.18990384615384615 0.11057692307692307
113 0.6538461538461539 0.18870192307692307 0.18990384615384615 0.11298076923076923
110 0.6514423076923077 0.3112980769230769 0.1778846153846154 0.10336538461538461
85 0.6502403846153846 0.421875 0.17548076923076922 0.09615384615384616
53 0.6466346153846154 0.5168269230769231 0.15865384615384615 0.08653846153846154
9 0.6430288461538461 0.6081730769230769 0.15865384615384615 0.08413461538461539
119 0.39783653846153844 0.6105769230769231 0.15865384615384615 0.08413461538461539
35 0.3942307692307692 0.5204326923076923 0.15865384615384615 0.08413461538461539
72 0.38100961538461536 0.4254807692307692 0.17548076923076922 0.09615384615384616
99 0.3701923076923077 0.3161057692307692 0.1778846153846154 0.10336538461538461
259 0.7548076923076923 0.71875 0.21875 0.10336538461538461
264 0.5228365384615384 0.7223557692307693 0.14182692307692307 0.07451923076923077
275 0.2956730769230769 0.7235576923076923 0.14182692307692307 0.07451923076923077
272 0.41947115384615385 0.8221153846153846 0.14182692307692307 0.07451923076923077
272 0.6322115384615384 0.8245192307692307 0.14182692307692307 0.07451923076923077