273 0.4951923076923077 0.18990384615384615 0.18990384615384615 0.0625
265 0.43509615384615385 0.3762019230769231 0.09615384615384616 0.057692307692307696
366 0.5709134615384616 0.3737980769230769 0.09615384615384616 0.052884615384615384
266 0.4411057692307692 0.4495192307692308 0.09375 0.05048076923076923
260 0.5721153846153846 0.44471153846153844 0.09375 0.052884615384615384
275 0.44350961538461536 0.5300480769230769 0.08653846153846154 0.04807692307692308
259 0.5757211538461539 0.5264423076923077 0.09615384615384616 0.05048076923076923
10 0.44591346153846156 0.5889423076923077 0.08653846153846154 0.04567307692307692
113 0.5841346153846154 0.6346153846153846 0.07692307692307693 0.04567307692307692
111 0.4495192307692308 0.6418269230769231 0.08413461538461539 0.04326923076923077
110 0.5877403846153846 0.6850961538461539 0.07451923076923077 0.04567307692307692
99 0.45072115384615385 0.6911057692307693 0.08173076923076923 0.04567307692307692
85 0.5901442307692307 0.7331730769230769 0.0889423076923077 0.04807692307692308
72 0.4567307692307692 0.7403846153846154 0.08653846153846154 0.04326923076923077
53 0.5913461538461539 0.7800480769230769 0.08413461538461539 0.04807692307692308
35 0.4567307692307692 0.7860576923076923 0.07932692307692307 0.05048076923076923
9 0.5901442307692307 0.8245192307692307 0.09134615384615384 0.04567307692307692
8 0.46153846153846156 0.8341346153846154 0.08653846153846154 0.04807692307692308