259 0.25721153846153844 0.051682692307692304 0.09375 0.09615384615384616
290 0.47596153846153844 0.057692307692307696 0.10336538461538461 0.08173076923076923
57 0.2800480769230769 0.2920673076923077 0.11778846153846154 0.11298076923076923
60 0.4807692307692308 0.2932692307692308 0.11298076923076923 0.11298076923076923
56 0.484375 0.43028846153846156 0.0985576923076923 0.10336538461538461
55 0.28725961538461536 0.4326923076923077 0.10817307692307693 0.10336538461538461
54 0.48677884615384615 0.5540865384615384 0.09375 0.09615384615384616
47 0.2956730769230769 0.5588942307692307 0.10817307692307693 0.10576923076923077
46 0.4879807692307692 0.6646634615384616 0.09375 0.09134615384615384
44 0.30649038461538464 0.6730769230769231 0.10096153846153846 0.09134615384615384
43 0.4879807692307692 0.7692307692307693 0.09134615384615384 0.08413461538461539
42 0.3137019230769231 0.7836538461538461 0.10576923076923077 0.0889423076923077
39 0.49158653846153844 0.8689903846153846 0.08653846153846154 0.08413461538461539
38 0.32211538461538464 0.8810096153846154 0.0985576923076923 0.0889423076923077
37 0.49278846153846156 0.9591346153846154 0.09134615384615384 0.07692307692307693
53 0.3269230769230769 0.9675480769230769 0.08653846153846154 0.06009615384615385