273 0.5264423076923077 0.24879807692307693 0.3317307692307692 0.18509615384615385
9 0.4254807692307692 0.4963942307692308 0.07451923076923077 0.10096153846153846
35 0.5192307692307693 0.4951923076923077 0.07211538461538461 0.0985576923076923
53 0.609375 0.49399038461538464 0.07211538461538461 0.10096153846153846
72 0.42427884615384615 0.6153846153846154 0.06971153846153846 0.09375
85 0.5144230769230769 0.6129807692307693 0.0673076923076923 0.09134615384615384
99 0.6033653846153846 0.609375 0.0673076923076923 0.09134615384615384
110 0.421875 0.7283653846153846 0.06971153846153846 0.09134615384615384
111 0.5096153846153846 0.7223557692307693 0.0673076923076923 0.08653846153846154
113 0.5961538461538461 0.7175480769230769 0.0673076923076923 0.09134615384615384
276 0.4182692307692308 0.8365384615384616 0.0673076923076923 0.09134615384615384
8 0.5060096153846154 0.8293269230769231 0.0673076923076923 0.0889423076923077
119 0.5889423076923077 0.8245192307692307 0.0625 0.0889423076923077