259 0.39663461538461536 0.16826923076923078 0.08413461538461539 0.0625
363 0.5204326923076923 0.171875 0.07932692307692307 0.06490384615384616
275 0.39783653846153844 0.2668269230769231 0.08173076923076923 0.06009615384615385
264 0.5192307692307693 0.2692307692307692 0.07932692307692307 0.06009615384615385
53 0.39783653846153844 0.3641826923076923 0.07932692307692307 0.057692307692307696
72 0.5180288461538461 0.36538461538461536 0.07692307692307693 0.057692307692307696
9 0.40024038461538464 0.45913461538461536 0.07932692307692307 0.055288461538461536
35 0.5180288461538461 0.4579326923076923 0.07451923076923077 0.055288461538461536
120 0.40024038461538464 0.5528846153846154 0.07932692307692307 0.055288461538461536
152 0.5168269230769231 0.5492788461538461 0.07451923076923077 0.055288461538461536
122 0.40024038461538464 0.6442307692307693 0.07692307692307693 0.057692307692307696
121 0.5168269230769231 0.6394230769230769 0.07451923076923077 0.055288461538461536
272 0.40024038461538464 0.7319711538461539 0.055288461538461536 0.07451923076923077
272 0.5144230769230769 0.8100961538461539 0.055288461538461536 0.06971153846153846