273 0.4543269230769231 0.22716346153846154 0.09375 0.07211538461538461
265 0.4891826923076923 0.34134615384615385 0.04567307692307692 0.040865384615384616
366 0.41947115384615385 0.3449519230769231 0.05048076923076923 0.04326923076923077
266 0.4891826923076923 0.4026442307692308 0.04567307692307692 0.040865384615384616
259 0.421875 0.40865384615384615 0.05048076923076923 0.04567307692307692
16 0.4254807692307692 0.4699519230769231 0.04567307692307692 0.040865384615384616
11 0.49158653846153844 0.5180288461538461 0.04326923076923077 0.040865384615384616
10 0.42788461538461536 0.5276442307692307 0.04326923076923077 0.04326923076923077
113 0.49278846153846156 0.5745192307692307 0.040865384615384616 0.04326923076923077
111 0.42908653846153844 0.5865384615384616 0.04326923076923077 0.04326923076923077
110 0.49399038461538464 0.6286057692307693 0.038461538461538464 0.038461538461538464
99 0.4326923076923077 0.6418269230769231 0.04567307692307692 0.04326923076923077
85 0.49759615384615385 0.6778846153846154 0.038461538461538464 0.038461538461538464
72 0.4326923076923077 0.6959134615384616 0.04326923076923077 0.04326923076923077
53 0.4963942307692308 0.7295673076923077 0.040865384615384616 0.04326923076923077
35 0.4362980769230769 0.7475961538461539 0.04326923076923077 0.04326923076923077
9 0.4987980769230769 0.7788461538461539 0.040865384615384616 0.04567307692307692
8 0.4375 0.7992788461538461 0.04326923076923077 0.04326923076923077
275 0.5012019230769231 0.828125 0.038461538461538464 0.04567307692307692
264 0.4387019230769231 0.8485576923076923 0.04567307692307692 0.04567307692307692
272 0.5012019230769231 0.8918269230769231 0.036057692307692304 0.04326923076923077
272 0.5036057692307693 0.9350961538461539 0.036057692307692304 0.04326923076923077
272 0.4423076923076923 0.9122596153846154 0.038461538461538464 0.04326923076923077
272 0.44471153846153844 0.9591346153846154 0.040865384615384616 0.04326923076923077