22 0.3629807692307692 0.08653846153846154 0.07211538461538461 0.10817307692307693
23 0.6081730769230769 0.06610576923076923 0.07211538461538461 0.0985576923076923
16 0.6069711538461539 0.18629807692307693 0.07932692307692307 0.10096153846153846
11 0.36899038461538464 0.21033653846153846 0.07211538461538461 0.10096153846153846
10 0.609375 0.296875 0.07211538461538461 0.09615384615384616
113 0.3762019230769231 0.3245192307692308 0.0673076923076923 0.09375
111 0.6141826923076923 0.40625 0.06490384615384616 0.09375
110 0.38100961538461536 0.4387019230769231 0.0625 0.09134615384615384
99 0.6141826923076923 0.5144230769230769 0.06490384615384616 0.08653846153846154
85 0.38822115384615385 0.5480769230769231 0.0625 0.0889423076923077
72 0.6129807692307693 0.6081730769230769 0.06490384615384616 0.08653846153846154
53 0.3918269230769231 0.6442307692307693 0.0625 0.09134615384615384
35 0.6105769230769231 0.7067307692307693 0.0673076923076923 0.0889423076923077
9 0.39663461538461536 0.7415865384615384 0.0625 0.08653846153846154
8 0.6129807692307693 0.8004807692307693 0.0625 0.07932692307692307
1 0.40024038461538464 0.8329326923076923 0.0625 0.0889423076923077
3 0.6117788461538461 0.8858173076923077 0.06009615384615385 0.07932692307692307
4 0.40625 0.9230769230769231 0.06009615384615385 0.08413461538461539
272 0.4987980769230769 0.5168269230769231 0.04326923076923077 0.052884615384615384