260 0.4567307692307692 0.19110576923076922 0.028846153846153848 0.05048076923076923
260 0.5949519230769231 0.1935096153846154 0.026442307692307692 0.05048076923076923
35 0.5240384615384616 0.3473557692307692 0.038461538461538464 0.07932692307692307
9 0.5240384615384616 0.4411057692307692 0.04567307692307692 0.07932692307692307
152 0.5228365384615384 0.5324519230769231 0.038461538461538464 0.07692307692307693
119 0.5216346153846154 0.625 0.04567307692307692 0.07932692307692307
193 0.4543269230769231 0.7548076923076923 0.02403846153846154 0.04807692307692308
130 0.5889423076923077 0.7632211538461539 0.02403846153846154 0.04807692307692308
272 0.5192307692307693 0.9362980769230769 0.04326923076923077 0.06490384615384616
260 0.45072115384615385 0.9387019230769231 0.02403846153846154 0.038461538461538464
260 0.5841346153846154 0.9447115384615384 0.02403846153846154 0.04326923076923077