273 0.6298076923076923 0.06129807692307692 0.28846153846153844 0.12259615384615384
263 0.5973557692307693 0.3858173076923077 0.03365384615384615 0.026442307692307692
22 0.59375 0.4483173076923077 0.04567307692307692 0.03125
20 0.59375 0.4831730769230769 0.04326923076923077 0.03125
16 0.59375 0.5168269230769231 0.04326923076923077 0.028846153846153848
11 0.59375 0.5492788461538461 0.04326923076923077 0.03125
10 0.59375 0.5841346153846154 0.04326923076923077 0.028846153846153848
9 0.6634615384615384 0.5853365384615384 0.040865384615384616 0.028846153846153848
120 0.6622596153846154 0.6165865384615384 0.04326923076923077 0.03125
121 0.6598557692307693 0.6490384615384616 0.04326923076923077 0.03125
122 0.6622596153846154 0.6826923076923077 0.04567307692307692 0.03365384615384615
123 0.6610576923076923 0.7151442307692307 0.04567307692307692 0.03125
124 0.6622596153846154 0.7475961538461539 0.04326923076923077 0.03125
125 0.6610576923076923 0.78125 0.04326923076923077 0.03125
126 0.6598557692307693 0.8125 0.04326923076923077 0.028846153846153848
264 0.5913461538461539 0.8725961538461539 0.04567307692307692 0.03125
275 0.6598557692307693 0.8725961538461539 0.04326923076923077 0.03125
266 0.59375 0.7487980769230769 0.04326923076923077 0.03125
266 0.59375 0.7139423076923077 0.04567307692307692 0.03125
266 0.59375 0.6814903846153846 0.04326923076923077 0.03125
266 0.5925480769230769 0.6490384615384616 0.04326923076923077 0.03125
266 0.59375 0.6165865384615384 0.04326923076923077 0.03125
266 0.6634615384615384 0.5504807692307693 0.04326923076923077 0.028846153846153848
266 0.6634615384615384 0.5168269230769231 0.04326923076923077 0.03125
266 0.6634615384615384 0.48197115384615385 0.04326923076923077 0.03365384615384615