272 0.42788461538461536 0.16826923076923078 0.038461538461538464 0.04807692307692308
365 0.4723557692307692 0.16706730769230768 0.036057692307692304 0.05048076923076923
365 0.5168269230769231 0.16346153846153846 0.036057692307692304 0.05048076923076923
260 0.5588942307692307 0.16346153846153846 0.036057692307692304 0.05048076923076923
272 0.49759615384615385 0.25841346153846156 0.036057692307692304 0.04807692307692308
11 0.4567307692307692 0.33653846153846156 0.06490384615384616 0.04807692307692308
16 0.5408653846153846 0.3329326923076923 0.0673076923076923 0.05048076923076923
10 0.5408653846153846 0.38822115384615385 0.06490384615384616 0.04567307692307692
113 0.45913461538461536 0.3894230769230769 0.06490384615384616 0.04807692307692308
111 0.5420673076923077 0.43990384615384615 0.06490384615384616 0.04567307692307692
110 0.46153846153846156 0.4411057692307692 0.06490384615384616 0.04567307692307692
99 0.5432692307692307 0.49158653846153844 0.06490384615384616 0.04326923076923077
85 0.46274038461538464 0.49278846153846156 0.0625 0.04326923076923077
72 0.5432692307692307 0.5408653846153846 0.0625 0.04326923076923077
53 0.4651442307692308 0.5420673076923077 0.06009615384615385 0.04326923076923077
35 0.5444711538461539 0.5877403846153846 0.0625 0.04326923076923077
191 0.46634615384615385 0.5889423076923077 0.06009615384615385 0.04326923076923077
168 0.5444711538461539 0.6358173076923077 0.06009615384615385 0.040865384615384616
284 0.46875 0.6358173076923077 0.06009615384615385 0.040865384615384616
259 0.47115384615384615 0.6983173076923077 0.06009615384615385 0.04326923076923077
275 0.4735576923076923 0.7427884615384616 0.057692307692307696 0.040865384615384616
264 0.546875 0.7403846153846154 0.057692307692307696 0.040865384615384616
260 0.4879807692307692 0.7908653846153846 0.03125 0.038461538461538464
344 0.43990384615384615 0.7884615384615384 0.052884615384615384 0.03365384615384615