131 0.5600961538461539 0.15504807692307693 0.05048076923076923 0.09375
273 0.7067307692307693 0.14543269230769232 0.12980769230769232 0.09375
275 0.6646634615384616 0.3125 0.06490384615384616 0.0889423076923077
264 0.734375 0.3088942307692308 0.05048076923076923 0.08173076923076923
263 0.3762019230769231 0.3317307692307692 0.05048076923076923 0.08173076923076923
120 0.38221153846153844 0.484375 0.04567307692307692 0.07932692307692307
9 0.4519230769230769 0.47716346153846156 0.04567307692307692 0.07451923076923077
35 0.5228365384615384 0.4735576923076923 0.04567307692307692 0.07451923076923077
53 0.5901442307692307 0.4675480769230769 0.04567307692307692 0.07692307692307693
72 0.6574519230769231 0.46153846153846156 0.04567307692307692 0.07692307692307693
85 0.7247596153846154 0.4567307692307692 0.04567307692307692 0.07692307692307693
266 0.40865384615384615 0.15985576923076922 0.12980769230769232 0.09134615384615384