38 0.2548076923076923 0.12379807692307693 0.11298076923076923 0.10336538461538461
42 0.5084134615384616 0.11177884615384616 0.10336538461538461 0.10576923076923077
37 0.7307692307692307 0.21634615384615385 0.10576923076923077 0.09615384615384616
36 0.5060096153846154 0.2283653846153846 0.10817307692307693 0.10096153846153846
28 0.2620192307692308 0.24158653846153846 0.11057692307692307 0.0985576923076923
26 0.7211538461538461 0.32211538461538464 0.09375 0.0889423076923077
25 0.4987980769230769 0.3389423076923077 0.10336538461538461 0.08653846153846154
24 0.2644230769230769 0.35336538461538464 0.10817307692307693 0.09375
23 0.7115384615384616 0.4182692307692308 0.09375 0.08653846153846154
16 0.4963942307692308 0.4362980769230769 0.09375 0.08413461538461539
11 0.2764423076923077 0.4567307692307692 0.10096153846153846 0.08173076923076923
10 0.6995192307692307 0.5096153846153846 0.09134615384615384 0.07932692307692307
113 0.4963942307692308 0.5288461538461539 0.09375 0.07451923076923077
111 0.28125 0.5492788461538461 0.10096153846153846 0.08173076923076923
110 0.6899038461538461 0.5949519230769231 0.08413461538461539 0.07211538461538461
99 0.49399038461538464 0.6141826923076923 0.09375 0.07692307692307693
85 0.2860576923076923 0.6370192307692307 0.09615384615384616 0.07932692307692307
53 0.6826923076923077 0.6754807692307693 0.08173076923076923 0.07451923076923077
35 0.49158653846153844 0.6947115384615384 0.08173076923076923 0.06490384615384616
9 0.28846153846153844 0.7175480769230769 0.0985576923076923 0.07451923076923077
275 0.30528846153846156 0.9591346153846154 0.07932692307692307 0.06971153846153846
264 0.6538461538461539 0.9086538461538461 0.07692307692307693 0.06971153846153846