53 0.32211538461538464 0.21634615384615385 0.1201923076923077 0.18509615384615385
53 0.47716346153846156 0.234375 0.1201923076923077 0.18269230769230768
35 0.3245192307692308 0.42427884615384615 0.11298076923076923 0.16826923076923078
266 0.4723557692307692 0.4423076923076923 0.10817307692307693 0.15384615384615385
266 0.4675480769230769 0.6237980769230769 0.0985576923076923 0.13701923076923078
277 0.33052884615384615 0.6033653846153846 0.10817307692307693 0.14423076923076922
275 0.21394230769230768 0.7788461538461539 0.0985576923076923 0.12980769230769232
354 0.33533653846153844 0.8004807692307693 0.09134615384615384 0.11778846153846154
264 0.46274038461538464 0.8233173076923077 0.09615384615384616 0.11778846153846154
331 0.5889423076923077 0.8401442307692307 0.09615384615384616 0.11778846153846154
259 0.22115384615384615 0.9170673076923077 0.0985576923076923 0.11298076923076923
289 0.45913461538461536 0.9507211538461539 0.09375 0.09375
260 0.3401442307692308 0.9362980769230769 0.0889423076923077 0.11057692307692307