42 0.14903846153846154 0.28846153846153844 0.15865384615384615 0.23076923076923078
43 0.8173076923076923 0.2800480769230769 0.27884615384615385 0.25721153846153844
38 0.23557692307692307 0.5288461538461539 0.30528846153846156 0.23798076923076922
39 0.5252403846153846 0.5144230769230769 0.28365384615384615 0.23317307692307693
41 0.8088942307692307 0.515625 0.2644230769230769 0.21634615384615385
28 0.2439903846153846 0.7572115384615384 0.28125 0.23076923076923078
36 0.5204326923076923 0.7379807692307693 0.2764423076923077 0.23798076923076922
37 0.7860576923076923 0.7307692307692307 0.2644230769230769 0.21394230769230768
24 0.25240384615384615 0.9254807692307693 0.25721153846153844 0.1466346153846154
25 0.5192307692307693 0.9158653846153846 0.2620192307692308 0.16346153846153846
26 0.7716346153846154 0.9086538461538461 0.25961538461538464 0.18028846153846154