259 0.43509615384615385 0.35697115384615385 0.026442307692307692 0.036057692307692304
366 0.5685096153846154 0.43028846153846156 0.03125 0.026442307692307692
265 0.46274038461538464 0.4326923076923077 0.036057692307692304 0.026442307692307692
142 0.4639423076923077 0.47836538461538464 0.05048076923076923 0.02403846153846154
266 0.5733173076923077 0.47716346153846156 0.052884615384615384 0.02403846153846154
72 0.5204326923076923 0.5348557692307693 0.05048076923076923 0.02403846153846154
53 0.5204326923076923 0.5649038461538461 0.052884615384615384 0.02403846153846154
35 0.5204326923076923 0.5949519230769231 0.05048076923076923 0.021634615384615384
9 0.5216346153846154 0.6237980769230769 0.05048076923076923 0.02403846153846154
152 0.5216346153846154 0.6538461538461539 0.05048076923076923 0.026442307692307692
272 0.6069711538461539 0.7836538461538461 0.021634615384615384 0.02403846153846154