22 0.41586538461538464 0.578125 0.038461538461538464 0.03365384615384615
259 0.5600961538461539 0.5877403846153846 0.038461538461538464 0.03365384615384615
20 0.5588942307692307 0.6466346153846154 0.038461538461538464 0.036057692307692304
16 0.48677884615384615 0.640625 0.03365384615384615 0.03365384615384615
11 0.41586538461538464 0.6358173076923077 0.036057692307692304 0.036057692307692304
10 0.5600961538461539 0.7043269230769231 0.038461538461538464 0.036057692307692304
113 0.48677884615384615 0.6971153846153846 0.038461538461538464 0.036057692307692304
111 0.41586538461538464 0.6911057692307693 0.03365384615384615 0.03365384615384615
110 0.5600961538461539 0.7620192307692307 0.038461538461538464 0.03365384615384615
99 0.48677884615384615 0.7536057692307693 0.038461538461538464 0.03365384615384615
85 0.41586538461538464 0.7463942307692307 0.040865384615384616 0.03365384615384615
72 0.5600961538461539 0.8185096153846154 0.038461538461538464 0.03365384615384615
53 0.4879807692307692 0.8100961538461539 0.036057692307692304 0.03365384615384615
35 0.4182692307692308 0.8004807692307693 0.036057692307692304 0.03365384615384615
9 0.5600961538461539 0.875 0.038461538461538464 0.038461538461538464
253 0.48677884615384615 0.8665865384615384 0.038461538461538464 0.036057692307692304
177 0.4170673076923077 0.8569711538461539 0.036057692307692304 0.036057692307692304
264 0.5588942307692307 0.9302884615384616 0.038461538461538464 0.036057692307692304
275 0.4182692307692308 0.9086538461538461 0.036057692307692304 0.03365384615384615