275 0.421875 0.17067307692307693 0.06971153846153846 0.10576923076923077
264 0.4879807692307692 0.17427884615384615 0.0673076923076923 0.10096153846153846
85 0.4254807692307692 0.3161057692307692 0.0673076923076923 0.0985576923076923
72 0.42788461538461536 0.4098557692307692 0.0625 0.0985576923076923
53 0.43028846153846156 0.5048076923076923 0.06490384615384616 0.10096153846153846
35 0.43509615384615385 0.5985576923076923 0.06490384615384616 0.10576923076923077
9 0.43509615384615385 0.6923076923076923 0.06490384615384616 0.10576923076923077
120 0.4387019230769231 0.7836538461538461 0.0625 0.09615384615384616
99 0.5012019230769231 0.6778846153846154 0.06971153846153846 0.09615384615384616
260 0.5024038461538461 0.5865384615384616 0.06009615384615385 0.08173076923076923
260 0.4987980769230769 0.49399038461538464 0.06971153846153846 0.09134615384615384
111 0.49278846153846156 0.40384615384615385 0.06971153846153846 0.09375
113 0.49158653846153844 0.31009615384615385 0.06971153846153846 0.09615384615384616
272 0.4795673076923077 0.9711538461538461 0.021634615384615384 0.04326923076923077
272 0.5084134615384616 0.7692307692307693 0.03125 0.052884615384615384