60 0.5625 0.09134615384615384 0.03125 0.052884615384615384
59 0.5252403846153846 0.09014423076923077 0.03125 0.04807692307692308
57 0.4891826923076923 0.0889423076923077 0.028846153846153848 0.052884615384615384
56 0.453125 0.08653846153846154 0.03125 0.05048076923076923
55 0.5612980769230769 0.16346153846153846 0.028846153846153848 0.04807692307692308
54 0.5252403846153846 0.15985576923076922 0.03125 0.04807692307692308
47 0.4891826923076923 0.15985576923076922 0.028846153846153848 0.04807692307692308
46 0.4519230769230769 0.15865384615384615 0.03125 0.04807692307692308
44 0.5600961538461539 0.23197115384615385 0.028846153846153848 0.04807692307692308
43 0.5240384615384616 0.23076923076923078 0.028846153846153848 0.04807692307692308
42 0.4879807692307692 0.22956730769230768 0.028846153846153848 0.04807692307692308
41 0.4519230769230769 0.22956730769230768 0.028846153846153848 0.04807692307692308
39 0.5588942307692307 0.3004807692307692 0.028846153846153848 0.04807692307692308
38 0.5228365384615384 0.29927884615384615 0.028846153846153848 0.04807692307692308
37 0.4879807692307692 0.29927884615384615 0.03125 0.04807692307692308
36 0.4519230769230769 0.296875 0.03125 0.05048076923076923
28 0.5564903846153846 0.36899038461538464 0.028846153846153848 0.04807692307692308
26 0.5228365384615384 0.36778846153846156 0.028846153846153848 0.04807692307692308
25 0.48677884615384615 0.36538461538461536 0.028846153846153848 0.04807692307692308
24 0.45072115384615385 0.36538461538461536 0.03125 0.05048076923076923
23 0.5564903846153846 0.43509615384615385 0.028846153846153848 0.05048076923076923
22 0.5216346153846154 0.4338942307692308 0.03125 0.04567307692307692
16 0.4855769230769231 0.4326923076923077 0.028846153846153848 0.04567307692307692
11 0.45072115384615385 0.43149038461538464 0.03125 0.04807692307692308
10 0.5552884615384616 0.5 0.028846153846153848 0.04807692307692308
113 0.5192307692307693 0.4987980769230769 0.028846153846153848 0.04567307692307692
111 0.484375 0.4987980769230769 0.028846153846153848 0.04567307692307692
222 0.45072115384615385 0.4963942307692308 0.028846153846153848 0.04567307692307692
220 0.5528846153846154 0.5649038461538461 0.028846153846153848 0.04326923076923077
218 0.5192307692307693 0.5649038461538461 0.028846153846153848 0.04567307692307692
216 0.4855769230769231 0.5637019230769231 0.028846153846153848 0.04567307692307692
214 0.4495192307692308 0.5625 0.028846153846153848 0.04807692307692308
212 0.5528846153846154 0.6286057692307693 0.028846153846153848 0.04326923076923077
208 0.5180288461538461 0.6286057692307693 0.028846153846153848 0.04567307692307692
204 0.484375 0.6274038461538461 0.03125 0.04326923076923077
152 0.4495192307692308 0.6274038461538461 0.03125 0.04807692307692308
275 0.46634615384615385 0.765625 0.038461538461538464 0.0625
264 0.5324519230769231 0.7668269230769231 0.036057692307692304 0.06009615384615385