263 0.5997596153846154 0.0673076923076923 0.06009615384615385 0.09375
291 0.6274038461538461 0.24278846153846154 0.055288461538461536 0.0889423076923077
291 0.5697115384615384 0.24278846153846154 0.06009615384615385 0.09375
260 0.5733173076923077 0.36538461538461536 0.052884615384615384 0.09375
10 0.6274038461538461 0.36538461538461536 0.057692307692307696 0.08653846153846154
113 0.6298076923076923 0.44711538461538464 0.052884615384615384 0.08173076923076923
111 0.6322115384615384 0.5264423076923077 0.055288461538461536 0.0889423076923077
110 0.6334134615384616 0.6105769230769231 0.052884615384615384 0.0889423076923077
99 0.6358173076923077 0.6923076923076923 0.052884615384615384 0.08173076923076923
72 0.5733173076923077 0.4519230769230769 0.052884615384615384 0.08653846153846154
53 0.5745192307692307 0.5324519230769231 0.055288461538461536 0.08413461538461539
260 0.5769230769230769 0.6153846153846154 0.052884615384615384 0.08653846153846154
9 0.5769230769230769 0.6971153846153846 0.057692307692307696 0.09375
260 0.5793269230769231 0.7824519230769231 0.057692307692307696 0.08413461538461539
272 0.640625 0.7740384615384616 0.026442307692307692 0.055288461538461536