273 0.484375 0.14543269230769232 0.15384615384615385 0.10096153846153846
273 0.7475961538461539 0.16947115384615385 0.11298076923076923 0.07692307692307693
259 0.49278846153846156 0.6622596153846154 0.038461538461538464 0.036057692307692304
35 0.49158653846153844 0.7163461538461539 0.052884615384615384 0.05048076923076923
9 0.49399038461538464 0.7668269230769231 0.05048076923076923 0.05048076923076923
152 0.49399038461538464 0.8185096153846154 0.052884615384615384 0.04807692307692308
275 0.4651442307692308 0.8990384615384616 0.038461538461538464 0.036057692307692304
264 0.5228365384615384 0.8822115384615384 0.03365384615384615 0.036057692307692304
365 0.8425480769230769 0.3942307692307692 0.07451923076923077 0.06971153846153846
365 0.8545673076923077 0.48677884615384615 0.11057692307692307 0.07692307692307693
365 0.9302884615384616 0.49278846153846156 0.08173076923076923 0.0673076923076923