25 0.4675480769230769 0.234375 0.05048076923076923 0.07211538461538461
24 0.5516826923076923 0.3317307692307692 0.04807692307692308 0.06490384615384616
23 0.4699519230769231 0.33653846153846156 0.05048076923076923 0.0673076923076923
16 0.5516826923076923 0.4254807692307692 0.04567307692307692 0.0625
11 0.47115384615384615 0.42788461538461536 0.04807692307692308 0.06009615384615385
10 0.5504807692307693 0.5120192307692307 0.04326923076923077 0.057692307692307696
113 0.47475961538461536 0.5144230769230769 0.04567307692307692 0.057692307692307696
111 0.5492788461538461 0.5949519230769231 0.04326923076923077 0.06009615384615385
110 0.47596153846153844 0.6009615384615384 0.04326923076923077 0.06009615384615385
99 0.5516826923076923 0.6754807692307693 0.038461538461538464 0.052884615384615384
85 0.47836538461538464 0.6802884615384616 0.040865384615384616 0.055288461538461536
53 0.5492788461538461 0.7487980769230769 0.04326923076923077 0.052884615384615384
168 0.4795673076923077 0.7548076923076923 0.04326923076923077 0.05048076923076923
259 0.44711538461538464 0.8329326923076923 0.038461538461538464 0.04567307692307692
275 0.515625 0.828125 0.038461538461538464 0.04807692307692308
264 0.5841346153846154 0.8233173076923077 0.036057692307692304 0.04326923076923077
272 0.45072115384615385 0.9026442307692307 0.036057692307692304 0.04807692307692308
272 0.5817307692307693 0.8930288461538461 0.03365384615384615 0.038461538461538464
272 0.4519230769230769 0.9735576923076923 0.038461538461538464 0.04567307692307692
272 0.5817307692307693 0.9627403846153846 0.03125 0.040865384615384616