273 0.5072115384615384 0.20552884615384615 0.0985576923076923 0.09615384615384616
273 0.8786057692307693 0.2512019230769231 0.0625 0.07692307692307693
259 0.4254807692307692 0.6899038461538461 0.07451923076923077 0.038461538461538464
264 0.4266826923076923 0.7451923076923077 0.07211538461538461 0.04326923076923077
275 0.4266826923076923 0.7752403846153846 0.07451923076923077 0.038461538461538464
89 0.5024038461538461 0.6790865384615384 0.0673076923076923 0.038461538461538464
87 0.5036057692307693 0.7079326923076923 0.06971153846153846 0.036057692307692304
82 0.5036057692307693 0.734375 0.0673076923076923 0.036057692307692304
80 0.5024038461538461 0.7608173076923077 0.06971153846153846 0.036057692307692304
88 0.5745192307692307 0.6995192307692307 0.0625 0.03365384615384615
86 0.5745192307692307 0.7235576923076923 0.0625 0.036057692307692304
81 0.5745192307692307 0.75 0.0625 0.036057692307692304
365 0.8557692307692307 0.6346153846153846 0.04567307692307692 0.02403846153846154
259 0.9050480769230769 0.6310096153846154 0.04326923076923077 0.028846153846153848
365 0.8569711538461539 0.6586538461538461 0.04807692307692308 0.02403846153846154
264 0.9026442307692307 0.671875 0.04326923076923077 0.026442307692307692