72 0.44350961538461536 0.5925480769230769 0.03125 0.04326923076923077
53 0.44471153846153844 0.640625 0.036057692307692304 0.04326923076923077
35 0.44471153846153844 0.6887019230769231 0.03125 0.038461538461538464
9 0.44350961538461536 0.7331730769230769 0.03365384615384615 0.04326923076923077
275 0.41225961538461536 0.8521634615384616 0.036057692307692304 0.04567307692307692
264 0.4723557692307692 0.8509615384615384 0.03365384615384615 0.04326923076923077
272 0.44350961538461536 0.9158653846153846 0.021634615384615384 0.028846153846153848
259 0.4254807692307692 0.4338942307692308 0.036057692307692304 0.04807692307692308
365 0.4699519230769231 0.4326923076923077 0.028846153846153848 0.04326923076923077
273 0.44711538461538464 0.5216346153846154 0.10096153846153846 0.038461538461538464
273 0.4495192307692308 0.18389423076923078 0.07211538461538461 0.028846153846153848