42 0.23677884615384615 0.15144230769230768 0.16346153846153846 0.0889423076923077
37 0.2403846153846154 0.24519230769230768 0.15865384615384615 0.0889423076923077
26 0.2403846153846154 0.33653846153846156 0.16105769230769232 0.08173076923076923
23 0.24278846153846154 0.4230769230769231 0.15384615384615385 0.07932692307692307
10 0.24639423076923078 0.5060096153846154 0.14423076923076922 0.07932692307692307
110 0.2439903846153846 0.5853365384615384 0.14423076923076922 0.07451923076923077
53 0.24759615384615385 0.6598557692307693 0.14423076923076922 0.06971153846153846
120 0.24879807692307693 0.7319711538461539 0.13942307692307693 0.06971153846153846
43 0.43149038461538464 0.15144230769230768 0.15625 0.0889423076923077
38 0.42788461538461536 0.24519230769230768 0.15144230769230768 0.08413461538461539
28 0.42427884615384615 0.33413461538461536 0.14903846153846154 0.08413461538461539
24 0.42427884615384615 0.4230769230769231 0.14903846153846154 0.08413461538461539
11 0.4182692307692308 0.5036057692307693 0.14423076923076922 0.07932692307692307
111 0.41586538461538464 0.5829326923076923 0.13701923076923078 0.07451923076923077
85 0.41586538461538464 0.6574519230769231 0.14182692307692307 0.06971153846153846
9 0.41466346153846156 0.7283653846153846 0.13221153846153846 0.06971153846153846
35 0.5745192307692307 0.7211538461538461 0.13221153846153846 0.06490384615384616
99 0.5805288461538461 0.6514423076923077 0.13221153846153846 0.06971153846153846
113 0.5877403846153846 0.578125 0.13701923076923078 0.07451923076923077
16 0.5949519230769231 0.5012019230769231 0.14423076923076922 0.07692307692307693
25 0.6009615384615384 0.41947115384615385 0.1466346153846154 0.08173076923076923
36 0.609375 0.3329326923076923 0.15144230769230768 0.07932692307692307
39 0.6141826923076923 0.24519230769230768 0.15384615384615385 0.08413461538461539
275 0.3293269230769231 0.8161057692307693 0.1346153846153846 0.06490384615384616
264 0.48677884615384615 0.8112980769230769 0.13221153846153846 0.06490384615384616
272 0.3329326923076923 0.8978365384615384 0.0673076923076923 0.028846153846153848
272 0.4807692307692308 0.8930288461538461 0.055288461538461536 0.028846153846153848
291 0.2536057692307692 0.9723557692307693 0.12740384615384615 0.05048076923076923
291 0.40384615384615385 0.9675480769230769 0.12259615384615384 0.057692307692307696
291 0.5480769230769231 0.9615384615384616 0.1201923076923077 0.057692307692307696