275 0.5709134615384616 0.11899038461538461 0.06009615384615385 0.10817307692307693
264 0.6454326923076923 0.12620192307692307 0.06009615384615385 0.10336538461538461
99 0.5745192307692307 0.27403846153846156 0.06009615384615385 0.10336538461538461
16 0.6490384615384616 0.2776442307692308 0.06009615384615385 0.10096153846153846
85 0.578125 0.3786057692307692 0.0625 0.10096153846153846
10 0.6514423076923077 0.3786057692307692 0.057692307692307696 0.09375
72 0.5805288461538461 0.4831730769230769 0.06009615384615385 0.0985576923076923
113 0.6550480769230769 0.4807692307692308 0.06009615384615385 0.09615384615384616
53 0.5829326923076923 0.5901442307692307 0.06009615384615385 0.10096153846153846
111 0.6586538461538461 0.5829326923076923 0.057692307692307696 0.0985576923076923
35 0.5865384615384616 0.6947115384615384 0.06009615384615385 0.10576923076923077
110 0.6622596153846154 0.6887019230769231 0.06009615384615385 0.10096153846153846
152 0.5901442307692307 0.8016826923076923 0.0625 0.10817307692307693