62 0.22355769230769232 0.13581730769230768 0.0985576923076923 0.06009615384615385
57 0.22596153846153846 0.21033653846153846 0.0985576923076923 0.055288461538461536
47 0.23197115384615385 0.28125 0.09615384615384616 0.052884615384615384
42 0.23798076923076922 0.3473557692307692 0.0985576923076923 0.05048076923076923
37 0.24278846153846154 0.41225961538461536 0.09615384615384616 0.04567307692307692
25 0.24759615384615385 0.47475961538461536 0.09134615384615384 0.04807692307692308
20 0.25240384615384615 0.5336538461538461 0.0889423076923077 0.04326923076923077
113 0.25721153846153844 0.5913461538461539 0.09134615384615384 0.04567307692307692
85 0.25841346153846156 0.6454326923076923 0.0889423076923077 0.04567307692307692
9 0.26322115384615385 0.6995192307692307 0.08413461538461539 0.04326923076923077
122 0.26802884615384615 0.7524038461538461 0.08653846153846154 0.04326923076923077
259 0.3389423076923077 0.8401442307692307 0.09615384615384616 0.04807692307692308
275 0.46153846153846156 0.8617788461538461 0.08653846153846154 0.05048076923076923
264 0.5985576923076923 0.8822115384615384 0.0985576923076923 0.05048076923076923
121 0.3918269230769231 0.7680288461538461 0.0889423076923077 0.04807692307692308
120 0.5300480769230769 0.7848557692307693 0.0985576923076923 0.05048076923076923
152 0.6778846153846154 0.8052884615384616 0.10576923076923077 0.052884615384615384
35 0.3918269230769231 0.7127403846153846 0.09134615384615384 0.04807692307692308
99 0.3918269230769231 0.6574519230769231 0.09134615384615384 0.05048076923076923
10 0.3894230769230769 0.5997596153846154 0.09375 0.04567307692307692
22 0.38822115384615385 0.5396634615384616 0.09375 0.04567307692307692
26 0.3858173076923077 0.4807692307692308 0.0985576923076923 0.04807692307692308
38 0.38341346153846156 0.41586538461538464 0.10096153846153846 0.05048076923076923
43 0.38100961538461536 0.3485576923076923 0.10096153846153846 0.055288461538461536
54 0.37740384615384615 0.2776442307692308 0.10336538461538461 0.052884615384615384
59 0.3762019230769231 0.20432692307692307 0.10336538461538461 0.055288461538461536
63 0.375 0.12860576923076922 0.11057692307692307 0.06009615384615385
64 0.5408653846153846 0.11778846153846154 0.11778846153846154 0.06490384615384616
60 0.5396634615384616 0.19951923076923078 0.11778846153846154 0.06009615384615385
55 0.5372596153846154 0.27524038461538464 0.11298076923076923 0.055288461538461536
44 0.5360576923076923 0.35096153846153844 0.11057692307692307 0.055288461538461536
39 0.5360576923076923 0.41947115384615385 0.10817307692307693 0.052884615384615384
28 0.5336538461538461 0.4855769230769231 0.10336538461538461 0.04807692307692308
23 0.53125 0.5480769230769231 0.0985576923076923 0.05048076923076923
11 0.5324519230769231 0.6105769230769231 0.10096153846153846 0.05048076923076923
110 0.53125 0.6706730769230769 0.0985576923076923 0.05048076923076923
53 0.5300480769230769 0.7295673076923077 0.09615384615384616 0.05048076923076923
72 0.6814903846153846 0.7463942307692307 0.10576923076923077 0.055288461538461536
111 0.6838942307692307 0.6875 0.10576923076923077 0.055288461538461536
16 0.6862980769230769 0.6237980769230769 0.11057692307692307 0.05048076923076923
24 0.6899038461538461 0.5588942307692307 0.11538461538461539 0.05048076923076923
36 0.6971153846153846 0.49278846153846156 0.11778846153846154 0.04807692307692308
41 0.7007211538461539 0.4230769230769231 0.1201923076923077 0.052884615384615384
46 0.7055288461538461 0.35096153846153844 0.125 0.052884615384615384
56 0.7103365384615384 0.27163461538461536 0.125 0.057692307692307696
61 0.7199519230769231 0.19230769230769232 0.12740384615384615 0.06009615384615385
73 0.7247596153846154 0.10817307692307693 0.12980769230769232 0.06490384615384616