131 0.21514423076923078 0.4182692307692308 0.07451923076923077 0.0985576923076923
259 0.21875 0.5552884615384616 0.06971153846153846 0.052884615384615384
35 0.421875 0.41947115384615385 0.06490384615384616 0.08653846153846154
53 0.484375 0.4170673076923077 0.0673076923076923 0.08173076923076923
72 0.5480769230769231 0.41947115384615385 0.06490384615384616 0.08653846153846154
85 0.6129807692307693 0.4182692307692308 0.06490384615384616 0.08413461538461539
121 0.3545673076923077 0.5528846153846154 0.0673076923076923 0.08173076923076923
120 0.41947115384615385 0.5528846153846154 0.06490384615384616 0.08173076923076923
177 0.484375 0.5504807692307693 0.06490384615384616 0.08173076923076923
152 0.5480769230769231 0.5504807692307693 0.06490384615384616 0.08653846153846154
9 0.6117788461538461 0.5492788461538461 0.06490384615384616 0.07932692307692307
264 0.7403846153846154 0.4170673076923077 0.06009615384615385 0.08173076923076923
275 0.7367788461538461 0.546875 0.06009615384615385 0.07932692307692307