11 0.49278846153846156 0.28365384615384615 0.06971153846153846 0.0889423076923077
113 0.49399038461538464 0.3870192307692308 0.0625 0.07451923076923077
10 0.5925480769230769 0.38341346153846156 0.06009615384615385 0.07932692307692307
110 0.4951923076923077 0.49278846153846156 0.06971153846153846 0.07692307692307693
111 0.59375 0.48197115384615385 0.057692307692307696 0.07692307692307693
85 0.4963942307692308 0.59375 0.0625 0.07932692307692307
99 0.5949519230769231 0.5817307692307693 0.06009615384615385 0.07692307692307693
53 0.4987980769230769 0.6911057692307693 0.057692307692307696 0.07451923076923077
72 0.5949519230769231 0.6754807692307693 0.055288461538461536 0.07451923076923077
9 0.5 0.7872596153846154 0.057692307692307696 0.07451923076923077
35 0.59375 0.7680288461538461 0.052884615384615384 0.07692307692307693
152 0.5012019230769231 0.8786057692307693 0.055288461538461536 0.07451923076923077
187 0.5949519230769231 0.8557692307692307 0.055288461538461536 0.06971153846153846