273 0.4182692307692308 0.17067307692307693 0.21875 0.11057692307692307
259 0.46634615384615385 0.3629807692307692 0.057692307692307696 0.038461538461538464
259 0.40865384615384615 0.36778846153846156 0.06009615384615385 0.04807692307692308
169 0.4170673076923077 0.5733173076923077 0.052884615384615384 0.038461538461538464
169 0.36177884615384615 0.5817307692307693 0.052884615384615384 0.04326923076923077
170 0.3557692307692308 0.5144230769230769 0.06009615384615385 0.04567307692307692
260 0.4110576923076923 0.5084134615384616 0.055288461538461536 0.04567307692307692
275 0.3485576923076923 0.44471153846153844 0.0673076923076923 0.04567307692307692
264 0.47716346153846156 0.4375 0.0625 0.04807692307692308
260 0.5336538461538461 0.43028846153846156 0.06009615384615385 0.04326923076923077
260 0.40625 0.43990384615384615 0.06009615384615385 0.04567307692307692
276 0.3125 0.5853365384615384 0.04326923076923077 0.04326923076923077