35 0.4050480769230769 0.34975961538461536 0.0673076923076923 0.06490384615384616
35 0.4855769230769231 0.35336538461538464 0.07692307692307693 0.10336538461538461
277 0.4026442307692308 0.4723557692307692 0.06971153846153846 0.0625
9 0.4831730769230769 0.47596153846153844 0.07692307692307693 0.10576923076923077
275 0.3076923076923077 0.5901442307692307 0.07211538461538461 0.06490384615384616
291 0.38822115384615385 0.5913461538461539 0.07692307692307693 0.10096153846153846
264 0.49038461538461536 0.5961538461538461 0.07211538461538461 0.0673076923076923
291 0.5685096153846154 0.5973557692307693 0.07451923076923077 0.10096153846153846
259 0.30528846153846156 0.7103365384615384 0.06971153846153846 0.06490384615384616
291 0.3858173076923077 0.7139423076923077 0.07451923076923077 0.0985576923076923
289 0.48677884615384615 0.7151442307692307 0.06971153846153846 0.06490384615384616
291 0.5673076923076923 0.7175480769230769 0.07451923076923077 0.09615384615384616
272 0.4735576923076923 0.8329326923076923 0.07451923076923077 0.09615384615384616
53 0.4074519230769231 0.2283653846153846 0.07211538461538461 0.07451923076923077
53 0.4879807692307692 0.23197115384615385 0.07692307692307693 0.10817307692307693