273 0.2932692307692308 0.3762019230769231 0.24278846153846154 0.46875
259 0.7692307692307693 0.04447115384615385 0.06490384615384616 0.04807692307692308
275 0.6995192307692307 0.12379807692307693 0.06009615384615385 0.06490384615384616
264 0.8269230769230769 0.12139423076923077 0.0625 0.06490384615384616
138 0.7620192307692307 0.20072115384615385 0.06009615384615385 0.06009615384615385
99 0.6995192307692307 0.2776442307692308 0.06009615384615385 0.06009615384615385
65 0.6959134615384616 0.3485576923076923 0.06009615384615385 0.06009615384615385
85 0.8125 0.34134615384615385 0.06009615384615385 0.055288461538461536
119 0.6971153846153846 0.41586538461538464 0.06009615384615385 0.052884615384615384
9 0.8088942307692307 0.4074519230769231 0.052884615384615384 0.052884615384615384
273 0.7391826923076923 0.7223557692307693 0.16346153846153846 0.06490384615384616