273 0.5276442307692307 0.25600961538461536 0.5745192307692307 0.0889423076923077
273 0.5336538461538461 0.5036057692307693 0.13701923076923078 0.09134615384615384
9 0.421875 0.5805288461538461 0.13942307692307693 0.08413461538461539
35 0.5444711538461539 0.5829326923076923 0.14423076923076922 0.08413461538461539
53 0.6670673076923077 0.5733173076923077 0.14182692307692307 0.08653846153846154
72 0.4206730769230769 0.6514423076923077 0.14182692307692307 0.08173076923076923
85 0.5420673076923077 0.6490384615384616 0.13701923076923078 0.07932692307692307
99 0.6586538461538461 0.6442307692307693 0.1346153846153846 0.08413461538461539
110 0.421875 0.7151442307692307 0.14423076923076922 0.08413461538461539
111 0.5432692307692307 0.71875 0.14423076923076922 0.07692307692307693
113 0.65625 0.7067307692307693 0.125 0.07932692307692307
8 0.5420673076923077 0.7800480769230769 0.13701923076923078 0.07692307692307693
0 0.4326923076923077 0.7776442307692307 0.13701923076923078 0.08173076923076923
275 0.6538461538461539 0.7692307692307693 0.125 0.08413461538461539
259 0.4326923076923077 0.8413461538461539 0.13701923076923078 0.07451923076923077
0 0.5408653846153846 0.8425480769230769 0.13701923076923078 0.07692307692307693
264 0.6586538461538461 0.8329326923076923 0.1346153846153846 0.08413461538461539