273 0.49278846153846156 0.16346153846153846 0.0625 0.07692307692307693
260 0.4723557692307692 0.42908653846153844 0.03365384615384615 0.04326923076923077
260 0.5048076923076923 0.42908653846153844 0.03365384615384615 0.04326923076923077
110 0.5024038461538461 0.49399038461538464 0.03365384615384615 0.038461538461538464
99 0.5024038461538461 0.5348557692307693 0.03365384615384615 0.038461538461538464
85 0.5036057692307693 0.5769230769230769 0.03125 0.03365384615384615
53 0.4699519230769231 0.5348557692307693 0.03365384615384615 0.038461538461538464
35 0.4699519230769231 0.578125 0.03365384615384615 0.036057692307692304
120 0.46634615384615385 0.6586538461538461 0.03125 0.038461538461538464
273 0.3161057692307692 0.16826923076923078 0.06009615384615385 0.07451923076923077
260 0.29447115384615385 0.4254807692307692 0.028846153846153848 0.036057692307692304
260 0.3269230769230769 0.4254807692307692 0.028846153846153848 0.038461538461538464
365 0.29447115384615385 0.48677884615384615 0.028846153846153848 0.036057692307692304
365 0.2932692307692308 0.5264423076923077 0.026442307692307692 0.03365384615384615
365 0.32572115384615385 0.5288461538461539 0.028846153846153848 0.036057692307692304
365 0.2920673076923077 0.5673076923076923 0.028846153846153848 0.03365384615384615
365 0.3245192307692308 0.5697115384615384 0.028846153846153848 0.03365384615384615
365 0.3245192307692308 0.6490384615384616 0.028846153846153848 0.036057692307692304
266 0.4675480769230769 0.6177884615384616 0.036057692307692304 0.04326923076923077
266 0.5012019230769231 0.6201923076923077 0.036057692307692304 0.04326923076923077
266 0.28966346153846156 0.6069711538461539 0.036057692307692304 0.04326923076923077
266 0.3245192307692308 0.6105769230769231 0.036057692307692304 0.04326923076923077