273 0.5108173076923077 0.18028846153846154 0.07932692307692307 0.09375
260 0.5132211538461539 0.34975961538461536 0.052884615384615384 0.04807692307692308
259 0.5168269230769231 0.6466346153846154 0.055288461538461536 0.04807692307692308
60 0.49158653846153844 0.7175480769230769 0.055288461538461536 0.05048076923076923
59 0.5456730769230769 0.7439903846153846 0.055288461538461536 0.05048076923076923
57 0.49158653846153844 0.7728365384615384 0.055288461538461536 0.04807692307692308
56 0.5456730769230769 0.7992788461538461 0.055288461538461536 0.05048076923076923
55 0.49158653846153844 0.828125 0.057692307692307696 0.05048076923076923
54 0.546875 0.8545673076923077 0.057692307692307696 0.05048076923076923
47 0.49278846153846156 0.8846153846153846 0.057692307692307696 0.05048076923076923
46 0.5492788461538461 0.9122596153846154 0.057692307692307696 0.05048076923076923
44 0.49278846153846156 0.9423076923076923 0.06009615384615385 0.05048076923076923
43 0.5492788461538461 0.9699519230769231 0.057692307692307696 0.052884615384615384