273 0.515625 0.32211538461538464 0.4254807692307692 0.2860576923076923
20 0.3629807692307692 0.7007211538461539 0.09615384615384616 0.06971153846153846
11 0.3629807692307692 0.7548076923076923 0.09615384615384616 0.06009615384615385
113 0.3629807692307692 0.8173076923076923 0.09375 0.0673076923076923
110 0.3629807692307692 0.8701923076923077 0.09375 0.0673076923076923
85 0.3641826923076923 0.9230769230769231 0.09615384615384616 0.06490384615384616
53 0.3629807692307692 0.9723557692307693 0.09375 0.052884615384615384
16 0.5576923076923077 0.7944711538461539 0.11538461538461539 0.07451923076923077
10 0.5564903846153846 0.8569711538461539 0.11298076923076923 0.07211538461538461
111 0.5564903846153846 0.9182692307692307 0.11298076923076923 0.0673076923076923
99 0.5564903846153846 0.9699519230769231 0.11298076923076923 0.06009615384615385