266 0.5504807692307693 0.8016826923076923 0.0673076923076923 0.05048076923076923
265 0.5204326923076923 0.24639423076923078 0.05048076923076923 0.036057692307692304
366 0.5853365384615384 0.25 0.04567307692307692 0.03125
20 0.5841346153846154 0.3245192307692308 0.05048076923076923 0.03125
16 0.5829326923076923 0.3786057692307692 0.04807692307692308 0.028846153846153848
11 0.5805288461538461 0.43028846153846156 0.04807692307692308 0.028846153846153848
10 0.5805288461538461 0.47836538461538464 0.04326923076923077 0.03125
113 0.5805288461538461 0.5264423076923077 0.04807692307692308 0.028846153846153848
111 0.5793269230769231 0.5721153846153846 0.04567307692307692 0.03125
110 0.5793269230769231 0.6189903846153846 0.04326923076923077 0.03125
99 0.5204326923076923 0.3786057692307692 0.05048076923076923 0.03365384615384615
85 0.5204326923076923 0.43149038461538464 0.04807692307692308 0.03125
72 0.5204326923076923 0.48197115384615385 0.04807692307692308 0.03125
53 0.5204326923076923 0.5300480769230769 0.04807692307692308 0.028846153846153848
35 0.5216346153846154 0.578125 0.04807692307692308 0.03365384615384615
9 0.5204326923076923 0.625 0.04807692307692308 0.03365384615384615
152 0.5216346153846154 0.671875 0.04567307692307692 0.036057692307692304