273 0.4411057692307692 0.17908653846153846 0.1201923076923077 0.15144230769230768
272 0.39783653846153844 0.40865384615384615 0.028846153846153848 0.04807692307692308
259 0.4831730769230769 0.40865384615384615 0.028846153846153848 0.04807692307692308
260 0.39663461538461536 0.5228365384615384 0.028846153846153848 0.05048076923076923
28 0.39663461538461536 0.578125 0.028846153846153848 0.05048076923076923
26 0.3954326923076923 0.6358173076923077 0.028846153846153848 0.05048076923076923
25 0.3942307692307692 0.6923076923076923 0.028846153846153848 0.052884615384615384
24 0.4387019230769231 0.6923076923076923 0.03125 0.052884615384615384
23 0.4831730769230769 0.6923076923076923 0.03125 0.052884615384615384
22 0.4831730769230769 0.7524038461538461 0.03125 0.052884615384615384
16 0.4387019230769231 0.7524038461538461 0.028846153846153848 0.052884615384615384
11 0.3942307692307692 0.7524038461538461 0.03125 0.052884615384615384
10 0.3918269230769231 0.8137019230769231 0.028846153846153848 0.052884615384615384
113 0.4375 0.8125 0.028846153846153848 0.052884615384615384
111 0.4831730769230769 0.8112980769230769 0.028846153846153848 0.052884615384615384
110 0.4831730769230769 0.8725961538461539 0.028846153846153848 0.052884615384615384
99 0.4375 0.8737980769230769 0.03125 0.055288461538461536
85 0.3918269230769231 0.8737980769230769 0.03125 0.055288461538461536
72 0.390625 0.9387019230769231 0.03125 0.057692307692307696