263 0.4879807692307692 0.36658653846153844 0.021634615384615384 0.021634615384615384
265 0.41586538461538464 0.21153846153846154 0.02403846153846154 0.028846153846153848
366 0.47596153846153844 0.22355769230769232 0.021634615384615384 0.021634615384615384
291 0.42427884615384615 0.46634615384615385 0.02403846153846154 0.019230769230769232
260 0.4807692307692308 0.46634615384615385 0.026442307692307692 0.02403846153846154
16 0.47596153846153844 0.5348557692307693 0.021634615384615384 0.019230769230769232
11 0.47716346153846156 0.5649038461538461 0.019230769230769232 0.019230769230769232
10 0.47716346153846156 0.59375 0.019230769230769232 0.019230769230769232
113 0.47716346153846156 0.6225961538461539 0.019230769230769232 0.019230769230769232
111 0.47836538461538464 0.6526442307692307 0.019230769230769232 0.019230769230769232
110 0.4807692307692308 0.6826923076923077 0.021634615384615384 0.019230769230769232
99 0.4338942307692308 0.5685096153846154 0.02403846153846154 0.019230769230769232
85 0.4338942307692308 0.5973557692307693 0.02403846153846154 0.019230769230769232
72 0.43509615384615385 0.6286057692307693 0.021634615384615384 0.021634615384615384
53 0.4338942307692308 0.6586538461538461 0.021634615384615384 0.019230769230769232
35 0.43509615384615385 0.6899038461538461 0.02403846153846154 0.021634615384615384
9 0.4362980769230769 0.7211538461538461 0.021634615384615384 0.021634615384615384
260 0.4362980769230769 0.7512019230769231 0.02403846153846154 0.021634615384615384
142 0.4879807692307692 0.8028846153846154 0.02403846153846154 0.019230769230769232
272 0.46033653846153844 0.8473557692307693 0.021634615384615384 0.021634615384615384
365 0.4326923076923077 0.8209134615384616 0.021634615384615384 0.021634615384615384