260 0.4206730769230769 0.4230769230769231 0.036057692307692304 0.03125
260 0.5360576923076923 0.4266826923076923 0.04567307692307692 0.036057692307692304
260 0.41947115384615385 0.4699519230769231 0.038461538461538464 0.03125
349 0.5336538461538461 0.47475961538461536 0.038461538461538464 0.028846153846153848
265 0.4170673076923077 0.5288461538461539 0.036057692307692304 0.026442307692307692
366 0.53125 0.5336538461538461 0.036057692307692304 0.026442307692307692
10 0.5288461538461539 0.59375 0.038461538461538464 0.028846153846153848
113 0.5264423076923077 0.6394230769230769 0.04326923076923077 0.03125
85 0.41466346153846156 0.5865384615384616 0.038461538461538464 0.028846153846153848
72 0.41346153846153844 0.6322115384615384 0.038461538461538464 0.03125
53 0.4110576923076923 0.6766826923076923 0.036057692307692304 0.028846153846153848
35 0.40865384615384615 0.7211538461538461 0.036057692307692304 0.028846153846153848
9 0.4074519230769231 0.7668269230769231 0.036057692307692304 0.026442307692307692
152 0.4050480769230769 0.8100961538461539 0.038461538461538464 0.03125
260 0.5144230769230769 0.8774038461538461 0.04326923076923077 0.03365384615384615
260 0.40384615384615385 0.8689903846153846 0.03365384615384615 0.02403846153846154
111 0.5228365384615384 0.6850961538461539 0.038461538461538464 0.03125
110 0.5204326923076923 0.7319711538461539 0.036057692307692304 0.028846153846153848
99 0.5180288461538461 0.7764423076923077 0.038461538461538464 0.028846153846153848