24 0.4579326923076923 0.04567307692307692 0.07932692307692307 0.09134615384615384
22 0.4567307692307692 0.18870192307692307 0.07451923076923077 0.13942307692307693
20 0.6586538461538461 0.18269230769230768 0.08173076923076923 0.14903846153846154
16 0.4579326923076923 0.35216346153846156 0.07451923076923077 0.12740384615384615
11 0.65625 0.3485576923076923 0.08413461538461539 0.13221153846153846
10 0.4579326923076923 0.5108173076923077 0.07451923076923077 0.125
260 0.6574519230769231 0.5168269230769231 0.08173076923076923 0.13701923076923078
111 0.45913461538461536 0.671875 0.07211538461538461 0.12740384615384615
110 0.6550480769230769 0.6814903846153846 0.07451923076923077 0.12259615384615384
99 0.45913461538461536 0.8245192307692307 0.07211538461538461 0.11778846153846154
85 0.6526442307692307 0.8389423076923077 0.07451923076923077 0.1201923076923077
72 0.45913461538461536 0.9591346153846154 0.06971153846153846 0.07692307692307693