259 0.5564903846153846 0.2776442307692308 0.06009615384615385 0.08173076923076923
291 0.5576923076923077 0.38461538461538464 0.038461538461538464 0.07692307692307693
365 0.4362980769230769 0.26802884615384615 0.03365384615384615 0.057692307692307696
266 0.4807692307692308 0.2692307692307692 0.03365384615384615 0.057692307692307696
273 0.30288461538461536 0.4266826923076923 0.0673076923076923 0.07451923076923077
119 0.37259615384615385 0.49759615384615385 0.03365384615384615 0.06971153846153846
9 0.4098557692307692 0.5036057692307693 0.036057692307692304 0.07451923076923077
35 0.4495192307692308 0.515625 0.036057692307692304 0.06971153846153846
53 0.49038461538461536 0.5228365384615384 0.036057692307692304 0.07451923076923077
72 0.5348557692307693 0.5348557692307693 0.038461538461538464 0.07451923076923077
275 0.28846153846153844 0.5336538461538461 0.04326923076923077 0.06971153846153846
264 0.3293269230769231 0.5444711538461539 0.03365384615384615 0.06971153846153846
131 0.27163461538461536 0.25600961538461536 0.026442307692307692 0.06009615384615385