99 0.5396634615384616 0.12980769230769232 0.06971153846153846 0.09375
85 0.5408653846153846 0.2668269230769231 0.06971153846153846 0.0889423076923077
53 0.5396634615384616 0.3954326923076923 0.06009615384615385 0.08173076923076923
35 0.5384615384615384 0.5120192307692307 0.06009615384615385 0.07451923076923077
9 0.5408653846153846 0.6201923076923077 0.055288461538461536 0.06971153846153846
168 0.5408653846153846 0.7223557692307693 0.05048076923076923 0.06490384615384616
259 0.44591346153846156 0.8197115384615384 0.055288461538461536 0.06490384615384616
264 0.5396634615384616 0.8245192307692307 0.05048076923076923 0.06971153846153846
275 0.6346153846153846 0.8317307692307693 0.055288461538461536 0.06490384615384616
272 0.4519230769230769 0.9122596153846154 0.052884615384615384 0.05048076923076923
272 0.6298076923076923 0.9194711538461539 0.05048076923076923 0.05048076923076923