259 0.5264423076923077 0.08774038461538461 0.07932692307692307 0.11298076923076923
198 0.5829326923076923 0.2824519230769231 0.07211538461538461 0.09375
197 0.4699519230769231 0.3125 0.07692307692307693 0.08413461538461539
196 0.5793269230769231 0.3713942307692308 0.06490384615384616 0.08173076923076923
221 0.47475961538461536 0.40384615384615385 0.0673076923076923 0.08413461538461539
219 0.5805288461538461 0.4495192307692308 0.06490384615384616 0.07692307692307693
85 0.47596153846153844 0.48197115384615385 0.0625 0.07451923076923077
72 0.5769230769230769 0.5204326923076923 0.055288461538461536 0.06971153846153846
53 0.4807692307692308 0.5516826923076923 0.06490384615384616 0.07932692307692307
35 0.5757211538461539 0.5793269230769231 0.055288461538461536 0.06009615384615385
9 0.4855769230769231 0.6117788461538461 0.05048076923076923 0.0673076923076923
177 0.48677884615384615 0.6730769230769231 0.057692307692307696 0.052884615384615384
156 0.5757211538461539 0.6382211538461539 0.052884615384615384 0.06009615384615385
121 0.49158653846153844 0.7283653846153846 0.055288461538461536 0.05048076923076923
120 0.5745192307692307 0.6935096153846154 0.055288461538461536 0.057692307692307696
122 0.5733173076923077 0.7439903846153846 0.04326923076923077 0.04326923076923077
275 0.4963942307692308 0.859375 0.06009615384615385 0.055288461538461536
264 0.5697115384615384 0.828125 0.04326923076923077 0.05048076923076923
260 0.5709134615384616 0.8990384615384616 0.038461538461538464 0.04567307692307692