260 0.4639423076923077 0.24158653846153846 0.03365384615384615 0.07451923076923077
265 0.4651442307692308 0.31490384615384615 0.028846153846153848 0.0673076923076923
366 0.5144230769230769 0.3137019230769231 0.03365384615384615 0.06490384615384616
259 0.515625 0.23798076923076922 0.040865384615384616 0.07451923076923077
72 0.46634615384615385 0.453125 0.036057692307692304 0.06971153846153846
237 0.515625 0.45552884615384615 0.04326923076923077 0.07692307692307693
111 0.5144230769230769 0.5324519230769231 0.036057692307692304 0.055288461538461536
111 0.5180288461538461 0.5997596153846154 0.038461538461538464 0.06971153846153846
99 0.5192307692307693 0.6730769230769231 0.038461538461538464 0.06971153846153846
85 0.5192307692307693 0.7451923076923077 0.038461538461538464 0.06490384615384616
53 0.46634615384615385 0.5264423076923077 0.036057692307692304 0.06971153846153846
35 0.4675480769230769 0.6057692307692307 0.040865384615384616 0.06490384615384616
9 0.4675480769230769 0.6754807692307693 0.038461538461538464 0.06971153846153846
119 0.4675480769230769 0.7463942307692307 0.038461538461538464 0.0625
275 0.46875 0.8954326923076923 0.04567307692307692 0.07451923076923077
264 0.5192307692307693 0.8918269230769231 0.040865384615384616 0.07451923076923077