263 0.328125 0.13341346153846154 0.11057692307692307 0.15625
273 0.18870192307692307 0.43509615384615385 0.16826923076923078 0.7331730769230769
275 0.34975961538461536 0.7487980769230769 0.10096153846153846 0.12259615384615384
264 0.4483173076923077 0.7512019230769231 0.07211538461538461 0.12740384615384615
121 0.4050480769230769 0.5877403846153846 0.06490384615384616 0.12259615384615384
120 0.47836538461538464 0.5865384615384616 0.06971153846153846 0.11778846153846154
9 0.5504807692307693 0.5877403846153846 0.06971153846153846 0.12740384615384615
35 0.6237980769230769 0.59375 0.06971153846153846 0.12740384615384615
53 0.6959134615384616 0.5901442307692307 0.07211538461538461 0.125
72 0.7692307692307693 0.5901442307692307 0.06971153846153846 0.12259615384615384
85 0.4014423076923077 0.38822115384615385 0.07932692307692307 0.125
99 0.47716346153846156 0.3918269230769231 0.07692307692307693 0.12980769230769232
110 0.5528846153846154 0.38822115384615385 0.07932692307692307 0.13701923076923078
111 0.6310096153846154 0.38341346153846156 0.07211538461538461 0.13942307692307693
232 0.7055288461538461 0.3870192307692308 0.07932692307692307 0.1466346153846154
131 0.828125 0.7463942307692307 0.052884615384615384 0.08413461538461539