158 0.6694711538461539 0.3233173076923077 0.07451923076923077 0.09134615384615384
266 0.45913461538461536 0.3173076923076923 0.07451923076923077 0.08653846153846154
266 0.45913461538461536 0.4338942307692308 0.07451923076923077 0.09134615384615384
266 0.6538461538461539 0.4362980769230769 0.06490384615384616 0.08653846153846154
266 0.45072115384615385 0.5336538461538461 0.07211538461538461 0.07932692307692307
266 0.6418269230769231 0.5408653846153846 0.06971153846153846 0.08653846153846154
266 0.44711538461538464 0.6346153846153846 0.06971153846153846 0.07451923076923077
266 0.6334134615384616 0.6370192307692307 0.06971153846153846 0.07451923076923077
266 0.44591346153846156 0.7235576923076923 0.07211538461538461 0.06971153846153846
266 0.6237980769230769 0.7283653846153846 0.06490384615384616 0.06971153846153846
263 0.3545673076923077 0.7223557692307693 0.07451923076923077 0.07451923076923077
259 0.5456730769230769 0.7259615384615384 0.07211538461538461 0.06971153846153846
275 0.35216346153846156 0.5348557692307693 0.07932692307692307 0.07932692307692307
264 0.5600961538461539 0.5384615384615384 0.07451923076923077 0.08653846153846154
311 0.3389423076923077 0.31009615384615385 0.11057692307692307 0.09615384615384616
312 0.3389423076923077 0.4266826923076923 0.11057692307692307 0.09134615384615384
182 0.5649038461538461 0.4338942307692308 0.09134615384615384 0.0985576923076923
282 0.5757211538461539 0.32091346153846156 0.08413461538461539 0.10576923076923077
163 0.35216346153846156 0.6298076923076923 0.07451923076923077 0.07692307692307693
163 0.5528846153846154 0.6346153846153846 0.07451923076923077 0.08173076923076923