259 0.3629807692307692 0.3629807692307692 0.16826923076923078 0.06971153846153846
263 0.6370192307692307 0.3701923076923077 0.16346153846153846 0.07932692307692307
275 0.36658653846153844 0.46153846153846156 0.1778846153846154 0.08173076923076923
264 0.6286057692307693 0.4567307692307692 0.15625 0.07692307692307693
85 0.36658653846153844 0.5925480769230769 0.15384615384615385 0.06490384615384616
232 0.6129807692307693 0.5889423076923077 0.15865384615384615 0.06490384615384616
53 0.3629807692307692 0.671875 0.16346153846153846 0.06490384615384616
72 0.6129807692307693 0.6670673076923077 0.15384615384615385 0.0673076923076923
9 0.36177884615384615 0.7475961538461539 0.1658653846153846 0.0625
35 0.6117788461538461 0.734375 0.15625 0.055288461538461536
121 0.3473557692307692 0.8173076923076923 0.17307692307692307 0.06490384615384616
120 0.6081730769230769 0.8040865384615384 0.15144230769230768 0.06009615384615385