260 0.47716346153846156 0.08052884615384616 0.07211538461538461 0.07451923076923077
26 0.5745192307692307 0.09254807692307693 0.07211538461538461 0.07451923076923077
23 0.47836538461538464 0.15865384615384615 0.07211538461538461 0.08173076923076923
24 0.5721153846153846 0.17067307692307693 0.06971153846153846 0.08173076923076923
20 0.47716346153846156 0.2439903846153846 0.07451923076923077 0.08173076923076923
22 0.5685096153846154 0.2536057692307692 0.06490384615384616 0.07692307692307693
16 0.5649038461538461 0.3317307692307692 0.06971153846153846 0.07451923076923077
11 0.4699519230769231 0.3293269230769231 0.06971153846153846 0.07692307692307693
10 0.5637019230769231 0.4050480769230769 0.06971153846153846 0.07451923076923077
113 0.46875 0.4050480769230769 0.07211538461538461 0.07451923076923077
111 0.5625 0.4795673076923077 0.06971153846153846 0.07692307692307693
110 0.4651442307692308 0.4855769230769231 0.07451923076923077 0.07692307692307693
99 0.5564903846153846 0.5528846153846154 0.06490384615384616 0.0673076923076923
85 0.4651442307692308 0.5564903846153846 0.06490384615384616 0.07211538461538461
72 0.5528846153846154 0.6225961538461539 0.0625 0.06490384615384616
53 0.4639423076923077 0.6298076923076923 0.0673076923076923 0.07451923076923077
35 0.5516826923076923 0.6935096153846154 0.0673076923076923 0.07451923076923077
152 0.4579326923076923 0.7079326923076923 0.06971153846153846 0.07451923076923077
275 0.4579326923076923 0.8076923076923077 0.06490384615384616 0.07932692307692307
264 0.546875 0.7944711538461539 0.06490384615384616 0.07451923076923077
260 0.7139423076923077 0.6658653846153846 0.052884615384615384 0.10336538461538461
20 0.7067307692307693 0.7596153846153846 0.057692307692307696 0.10576923076923077
22 0.7608173076923077 0.8149038461538461 0.06009615384615385 0.11538461538461539
23 0.8233173076923077 0.8713942307692307 0.06971153846153846 0.14182692307692307
110 0.703125 0.8449519230769231 0.04807692307692308 0.10576923076923077
260 0.7572115384615384 0.9038461538461539 0.06009615384615385 0.11057692307692307
260 0.6959134615384616 0.9242788461538461 0.052884615384615384 0.10817307692307693
272 0.46875 0.9170673076923077 0.028846153846153848 0.057692307692307696
272 0.5576923076923077 0.8954326923076923 0.02403846153846154 0.052884615384615384