42 0.6526442307692307 0.21634615384615385 0.07451923076923077 0.04326923076923077
41 0.49759615384615385 0.21754807692307693 0.08173076923076923 0.04326923076923077
39 0.34134615384615385 0.21514423076923078 0.07932692307692307 0.040865384615384616
38 0.6466346153846154 0.2848557692307692 0.08653846153846154 0.04807692307692308
37 0.49399038461538464 0.28365384615384615 0.07932692307692307 0.04807692307692308
36 0.3389423076923077 0.2848557692307692 0.07932692307692307 0.038461538461538464
28 0.6466346153846154 0.3545673076923077 0.08653846153846154 0.04807692307692308
26 0.49038461538461536 0.3557692307692308 0.08173076923076923 0.04567307692307692
25 0.34134615384615385 0.3545673076923077 0.08413461538461539 0.04807692307692308
24 0.6466346153846154 0.4206730769230769 0.08653846153846154 0.05048076923076923
23 0.4963942307692308 0.421875 0.08173076923076923 0.04326923076923077
22 0.3401442307692308 0.421875 0.08413461538461539 0.05048076923076923
20 0.6478365384615384 0.49038461538461536 0.07932692307692307 0.04567307692307692
16 0.49158653846153844 0.4879807692307692 0.07932692307692307 0.04567307692307692
11 0.33653846153846156 0.48677884615384615 0.07211538461538461 0.04326923076923077
10 0.6394230769230769 0.5576923076923077 0.07451923076923077 0.04326923076923077
113 0.49038461538461536 0.5564903846153846 0.07692307692307693 0.04326923076923077
111 0.33774038461538464 0.5564903846153846 0.06971153846153846 0.04567307692307692
110 0.6394230769230769 0.625 0.07932692307692307 0.038461538461538464
99 0.4879807692307692 0.625 0.07932692307692307 0.04326923076923077
85 0.33653846153846156 0.6213942307692307 0.07211538461538461 0.040865384615384616
72 0.640625 0.6947115384615384 0.08653846153846154 0.04326923076923077
53 0.4855769230769231 0.6935096153846154 0.08653846153846154 0.05048076923076923
35 0.33653846153846156 0.6911057692307693 0.07451923076923077 0.038461538461538464
9 0.33533653846153844 0.7584134615384616 0.07451923076923077 0.04326923076923077
264 0.640625 0.828125 0.0673076923076923 0.04567307692307692
275 0.33533653846153844 0.8257211538461539 0.07932692307692307 0.04326923076923077
259 0.4831730769230769 0.8942307692307693 0.08173076923076923 0.05048076923076923