273 0.4483173076923077 0.3161057692307692 0.0985576923076923 0.04326923076923077
263 0.43028846153846156 0.36899038461538464 0.03125 0.03365384615384615
260 0.42788461538461536 0.4326923076923077 0.04807692307692308 0.036057692307692304
260 0.4795673076923077 0.4326923076923077 0.040865384615384616 0.036057692307692304
24 0.4807692307692308 0.4879807692307692 0.036057692307692304 0.03365384615384615
22 0.4807692307692308 0.5228365384615384 0.040865384615384616 0.03365384615384615
16 0.484375 0.5552884615384616 0.038461538461538464 0.03365384615384615
10 0.484375 0.5877403846153846 0.03125 0.03365384615384615
111 0.42788461538461536 0.5264423076923077 0.036057692307692304 0.03365384615384615
99 0.43028846153846156 0.5637019230769231 0.038461538461538464 0.038461538461538464
72 0.43149038461538464 0.5961538461538461 0.040865384615384616 0.03365384615384615
35 0.43149038461538464 0.6310096153846154 0.038461538461538464 0.03365384615384615
152 0.43509615384615385 0.6670673076923077 0.04326923076923077 0.036057692307692304
272 0.46033653846153844 0.7319711538461539 0.026442307692307692 0.02403846153846154