266 0.6935096153846154 0.19230769230769232 0.11538461538461539 0.06971153846153846
266 0.6911057692307693 0.2668269230769231 0.11057692307692307 0.06971153846153846
266 0.6959134615384616 0.33533653846153844 0.11057692307692307 0.07451923076923077
56 0.6959134615384616 0.40865384615384615 0.10576923076923077 0.07451923076923077
55 0.6983173076923077 0.4795673076923077 0.11057692307692307 0.07932692307692307
54 0.7019230769230769 0.5444711538461539 0.10576923076923077 0.07211538461538461
47 0.6971153846153846 0.6129807692307693 0.10096153846153846 0.06971153846153846
46 0.6983173076923077 0.6766826923076923 0.09134615384615384 0.07211538461538461
44 0.6983173076923077 0.7391826923076923 0.09134615384615384 0.06971153846153846
43 0.6983173076923077 0.8004807692307693 0.09375 0.06490384615384616
42 0.6983173076923077 0.8581730769230769 0.09134615384615384 0.07211538461538461
41 0.7019230769230769 0.9206730769230769 0.08653846153846154 0.0625
39 0.5216346153846154 0.19230769230769232 0.10576923076923077 0.06490384615384616
38 0.5204326923076923 0.26322115384615385 0.10096153846153846 0.06490384615384616
37 0.5252403846153846 0.3329326923076923 0.0985576923076923 0.0625
36 0.5276442307692307 0.40024038461538464 0.09134615384615384 0.055288461538461536
28 0.5276442307692307 0.46634615384615385 0.09375 0.0625
26 0.5276442307692307 0.5336538461538461 0.09134615384615384 0.0625
25 0.5324519230769231 0.5997596153846154 0.08653846153846154 0.06490384615384616
24 0.5324519230769231 0.6586538461538461 0.08413461538461539 0.0673076923076923
23 0.5360576923076923 0.7223557692307693 0.09375 0.06009615384615385
22 0.5408653846153846 0.7800480769230769 0.08173076923076923 0.06490384615384616
20 0.5432692307692307 0.8425480769230769 0.08413461538461539 0.0625
16 0.5432692307692307 0.9014423076923077 0.08173076923076923 0.06009615384615385
11 0.35336538461538464 0.1935096153846154 0.09134615384615384 0.06009615384615385
10 0.3605769230769231 0.2620192307692308 0.0985576923076923 0.06490384615384616
113 0.36538461538461536 0.3293269230769231 0.10096153846153846 0.06490384615384616
111 0.36778846153846156 0.3954326923076923 0.0985576923076923 0.0625
110 0.37259615384615385 0.45913461538461536 0.0889423076923077 0.0673076923076923
99 0.3762019230769231 0.5204326923076923 0.09134615384615384 0.057692307692307696
85 0.3786057692307692 0.5853365384615384 0.08653846153846154 0.0625
72 0.38100961538461536 0.6454326923076923 0.08653846153846154 0.0625
53 0.3858173076923077 0.7055288461538461 0.08413461538461539 0.06490384615384616
9 0.3954326923076923 0.8233173076923077 0.08653846153846154 0.0673076923076923
120 0.3942307692307692 0.875 0.08653846153846154 0.06971153846153846
266 0.3918269230769231 0.7680288461538461 0.08653846153846154 0.0625
291 0.6009615384615384 0.09375 0.10576923076923077 0.07211538461538461
291 0.43149038461538464 0.09975961538461539 0.11057692307692307 0.06971153846153846