232 0.5745192307692307 0.1466346153846154 0.04567307692307692 0.08173076923076923
260 0.4735576923076923 0.15745192307692307 0.055288461538461536 0.09375
16 0.5745192307692307 0.2283653846153846 0.04326923076923077 0.07211538461538461
22 0.4723557692307692 0.24158653846153846 0.04567307692307692 0.07451923076923077
11 0.47716346153846156 0.32091346153846156 0.04567307692307692 0.07211538461538461
10 0.5721153846153846 0.3016826923076923 0.04326923076923077 0.07451923076923077
113 0.47596153846153844 0.39783653846153844 0.04807692307692308 0.07211538461538461
111 0.5745192307692307 0.375 0.04807692307692308 0.07451923076923077
110 0.47716346153846156 0.4651442307692308 0.040865384615384616 0.08173076923076923
99 0.5733173076923077 0.44591346153846156 0.040865384615384616 0.07211538461538461
85 0.4807692307692308 0.5372596153846154 0.04326923076923077 0.06971153846153846
72 0.5721153846153846 0.5132211538461539 0.04326923076923077 0.07451923076923077
53 0.4831730769230769 0.6033653846153846 0.04326923076923077 0.06490384615384616
35 0.5697115384615384 0.5829326923076923 0.04326923076923077 0.0625
159 0.484375 0.6754807692307693 0.04326923076923077 0.07451923076923077
152 0.48677884615384615 0.7463942307692307 0.04326923076923077 0.06971153846153846
266 0.5709134615384616 0.6382211538461539 0.04326923076923077 0.06490384615384616
272 0.5709134615384616 0.71875 0.040865384615384616 0.07932692307692307