226 0.44711538461538464 0.23798076923076922 0.20432692307692307 0.11538461538461539
23 0.453125 0.3737980769230769 0.19230769230769232 0.10576923076923077
11 0.46033653846153844 0.5012019230769231 0.18269230769230768 0.10096153846153846
111 0.46274038461538464 0.6105769230769231 0.17067307692307693 0.10096153846153846
85 0.46634615384615385 0.7163461538461539 0.16346153846153846 0.09134615384615384
35 0.4723557692307692 0.8052884615384616 0.14903846153846154 0.09375
195 0.4723557692307692 0.8870192307692307 0.12980769230769232 0.08653846153846154
22 0.21634615384615385 0.3605769230769231 0.16346153846153846 0.09134615384615384
10 0.23197115384615385 0.47596153846153844 0.16346153846153846 0.09134615384615384
110 0.24879807692307693 0.5829326923076923 0.15144230769230768 0.09134615384615384
72 0.2608173076923077 0.6790865384615384 0.14182692307692307 0.08653846153846154