46 0.4987980769230769 0.04807692307692308 0.038461538461538464 0.0625
44 0.5 0.12620192307692307 0.036057692307692304 0.06009615384615385
43 0.5024038461538461 0.20192307692307693 0.03365384615384615 0.0625
42 0.5048076923076923 0.2764423076923077 0.036057692307692304 0.06009615384615385
41 0.5048076923076923 0.34975961538461536 0.036057692307692304 0.06009615384615385
39 0.5072115384615384 0.41947115384615385 0.03365384615384615 0.057692307692307696
38 0.5072115384615384 0.4891826923076923 0.036057692307692304 0.057692307692307696
37 0.5096153846153846 0.5588942307692307 0.03365384615384615 0.06009615384615385
36 0.5108173076923077 0.625 0.03365384615384615 0.06009615384615385
28 0.5132211538461539 0.6923076923076923 0.03125 0.06009615384615385
26 0.5132211538461539 0.7560096153846154 0.03365384615384615 0.06009615384615385
25 0.44471153846153844 0.12860576923076922 0.036057692307692304 0.06009615384615385
24 0.44711538461538464 0.20673076923076922 0.036057692307692304 0.057692307692307696
23 0.4483173076923077 0.28365384615384615 0.036057692307692304 0.06009615384615385
22 0.45072115384615385 0.35697115384615385 0.036057692307692304 0.055288461538461536
16 0.453125 0.4266826923076923 0.036057692307692304 0.057692307692307696
11 0.453125 0.49759615384615385 0.036057692307692304 0.06009615384615385
113 0.4579326923076923 0.5673076923076923 0.03365384615384615 0.06009615384615385
110 0.45913461538461536 0.6358173076923077 0.03125 0.052884615384615384
85 0.46033653846153844 0.7043269230769231 0.03365384615384615 0.06009615384615385
53 0.46274038461538464 0.7692307692307693 0.03365384615384615 0.06009615384615385
152 0.4639423076923077 0.8341346153846154 0.03365384615384615 0.06009615384615385