273 0.4807692307692308 0.21394230769230768 0.13701923076923078 0.06971153846153846
259 0.47596153846153844 0.4050480769230769 0.026442307692307692 0.026442307692307692
16 0.5108173076923077 0.4639423076923077 0.03125 0.026442307692307692
99 0.4423076923076923 0.46274038461538464 0.026442307692307692 0.02403846153846154
11 0.5096153846153846 0.5036057692307693 0.028846153846153848 0.026442307692307692
10 0.5096153846153846 0.5444711538461539 0.03125 0.026442307692307692
113 0.5084134615384616 0.5853365384615384 0.028846153846153848 0.02403846153846154
111 0.5084134615384616 0.6237980769230769 0.028846153846153848 0.02403846153846154
110 0.5084134615384616 0.6634615384615384 0.028846153846153848 0.026442307692307692
85 0.4423076923076923 0.5024038461538461 0.026442307692307692 0.02403846153846154
72 0.44350961538461536 0.5396634615384616 0.028846153846153848 0.02403846153846154
53 0.4423076923076923 0.578125 0.026442307692307692 0.026442307692307692
35 0.4423076923076923 0.6177884615384616 0.026442307692307692 0.02403846153846154
9 0.4411057692307692 0.65625 0.028846153846153848 0.026442307692307692
152 0.4423076923076923 0.6947115384615384 0.026442307692307692 0.026442307692307692
275 0.43990384615384615 0.7475961538461539 0.028846153846153848 0.026442307692307692
264 0.5060096153846154 0.7584134615384616 0.028846153846153848 0.028846153846153848
272 0.4338942307692308 0.859375 0.021634615384615384 0.02403846153846154