53 0.4579326923076923 0.17668269230769232 0.0673076923076923 0.052884615384615384
35 0.46274038461538464 0.24639423076923078 0.06490384615384616 0.052884615384615384
9 0.4639423076923077 0.3161057692307692 0.057692307692307696 0.05048076923076923
152 0.4675480769230769 0.38341346153846156 0.0673076923076923 0.052884615384615384
366 0.4699519230769231 0.4495192307692308 0.0673076923076923 0.05048076923076923
265 0.4699519230769231 0.515625 0.06490384615384616 0.052884615384615384
366 0.47716346153846156 0.6346153846153846 0.0625 0.04567307692307692
266 0.4807692307692308 0.7151442307692307 0.08653846153846154 0.06971153846153846
272 0.4831730769230769 0.8137019230769231 0.08173076923076923 0.0625
366 0.6814903846153846 0.6213942307692307 0.05048076923076923 0.040865384615384616
265 0.6814903846153846 0.5072115384615384 0.052884615384615384 0.04567307692307692
365 0.6802884615384616 0.31850961538461536 0.055288461538461536 0.04807692307692308