113 0.5853365384615384 0.0673076923076923 0.05048076923076923 0.09615384615384616
111 0.5865384615384616 0.16947115384615385 0.052884615384615384 0.09615384615384616
110 0.5865384615384616 0.27524038461538464 0.052884615384615384 0.09375
99 0.5865384615384616 0.3786057692307692 0.052884615384615384 0.09375
85 0.5865384615384616 0.47475961538461536 0.052884615384615384 0.09134615384615384
72 0.5108173076923077 0.06490384615384616 0.052884615384615384 0.09615384615384616
260 0.5120192307692307 0.16947115384615385 0.052884615384615384 0.09375
35 0.5120192307692307 0.27163461538461536 0.052884615384615384 0.09375
9 0.5120192307692307 0.3762019230769231 0.052884615384615384 0.09134615384615384
120 0.5144230769230769 0.47836538461538464 0.052884615384615384 0.09375
121 0.5144230769230769 0.5769230769230769 0.05048076923076923 0.09134615384615384
275 0.515625 0.7007211538461539 0.055288461538461536 0.09615384615384616
264 0.5877403846153846 0.6971153846153846 0.05048076923076923 0.09375
272 0.5504807692307693 0.9290865384615384 0.052884615384615384 0.07692307692307693