72 0.6286057692307693 0.13701923076923078 0.1466346153846154 0.21394230769230768
53 0.42788461538461536 0.1310096153846154 0.14903846153846154 0.21394230769230768
35 0.6153846153846154 0.3737980769230769 0.12980769230769232 0.16826923076923078
187 0.4411057692307692 0.36658653846153844 0.13221153846153846 0.17548076923076922
168 0.6057692307692307 0.5588942307692307 0.11778846153846154 0.12259615384615384
119 0.4483173076923077 0.5504807692307693 0.1201923076923077 0.13701923076923078
264 0.6646634615384616 0.7379807692307693 0.11057692307692307 0.10096153846153846
275 0.5288461538461539 0.7271634615384616 0.10576923076923077 0.10096153846153846
259 0.3942307692307692 0.7175480769230769 0.10096153846153846 0.10576923076923077
272 0.6502403846153846 0.8737980769230769 0.09615384615384616 0.10096153846153846
272 0.5252403846153846 0.8581730769230769 0.0985576923076923 0.10576923076923077
272 0.4074519230769231 0.8485576923076923 0.09615384615384616 0.10336538461538461