9 0.15985576923076922 0.75 0.06009615384615385 0.028846153846153848
35 0.16105769230769232 0.7103365384615384 0.057692307692307696 0.028846153846153848
53 0.23557692307692307 0.7079326923076923 0.06009615384615385 0.028846153846153848
85 0.23677884615384615 0.6694711538461539 0.057692307692307696 0.028846153846153848
260 0.16105769230769232 0.59375 0.0625 0.028846153846153848
259 0.23677884615384615 0.5925480769230769 0.06009615384615385 0.028846153846153848
119 0.15745192307692307 0.7884615384615384 0.0625 0.028846153846153848
275 0.15745192307692307 0.8653846153846154 0.06009615384615385 0.03125
264 0.23317307692307693 0.8617788461538461 0.06009615384615385 0.03125
272 0.15144230769230768 0.9759615384615384 0.03125 0.019230769230769232
273 0.20192307692307693 0.33052884615384615 0.15144230769230768 0.12980769230769232