288 0.4387019230769231 0.5396634615384616 0.055288461538461536 0.040865384615384616
259 0.5228365384615384 0.5384615384615384 0.055288461538461536 0.040865384615384616
9 0.4807692307692308 0.5889423076923077 0.04326923076923077 0.03365384615384615
152 0.4795673076923077 0.6237980769230769 0.04326923076923077 0.03365384615384615
120 0.47716346153846156 0.6550480769230769 0.04326923076923077 0.03365384615384615
121 0.47716346153846156 0.6875 0.04326923076923077 0.03365384615384615
122 0.47596153846153844 0.7199519230769231 0.04326923076923077 0.03365384615384615
275 0.43509615384615385 0.7620192307692307 0.04326923076923077 0.03365384615384615
264 0.5132211538461539 0.7548076923076923 0.04326923076923077 0.03365384615384615
272 0.5120192307692307 0.8004807692307693 0.04326923076923077 0.03365384615384615
272 0.43509615384615385 0.8076923076923077 0.04326923076923077 0.03365384615384615
272 0.4338942307692308 0.8473557692307693 0.04326923076923077 0.03365384615384615
290 0.5096153846153846 0.8401442307692307 0.019230769230769232 0.02403846153846154