264 0.4362980769230769 0.8317307692307693 0.14903846153846154 0.10576923076923077
264 0.7307692307692307 0.84375 0.14903846153846154 0.10576923076923077
275 0.7463942307692307 0.7451923076923077 0.14903846153846154 0.10576923076923077
259 0.5925480769230769 0.7379807692307693 0.14903846153846154 0.10576923076923077
275 0.4387019230769231 0.7355769230769231 0.14903846153846154 0.10576923076923077
3 0.5216346153846154 0.6081730769230769 0.14903846153846154 0.11057692307692307
1 0.6814903846153846 0.6129807692307693 0.15384615384615385 0.10817307692307693
8 0.5300480769230769 0.49038461538461536 0.14903846153846154 0.11298076923076923
152 0.6971153846153846 0.4963942307692308 0.16105769230769232 0.11538461538461539
35 0.7067307692307693 0.3701923076923077 0.1658653846153846 0.1201923076923077
9 0.5336538461538461 0.36538461538461536 0.1658653846153846 0.1201923076923077
272 0.5432692307692307 0.23076923076923078 0.17307692307692307 0.13701923076923078
272 0.7115384615384616 0.23317307692307693 0.17307692307692307 0.13701923076923078