10 0.42908653846153844 0.17668269230769232 0.17067307692307693 0.25961538461538464
111 0.4266826923076923 0.45072115384615385 0.17067307692307693 0.25961538461538464
99 0.43149038461538464 0.7295673076923077 0.17067307692307693 0.25961538461538464
110 0.7379807692307693 0.7512019230769231 0.12740384615384615 0.21153846153846154
113 0.7355769230769231 0.5144230769230769 0.12740384615384615 0.21153846153846154
11 0.7307692307692307 0.2764423076923077 0.12740384615384615 0.2091346153846154
272 0.203125 0.4170673076923077 0.13942307692307693 0.2091346153846154
272 0.19951923076923078 0.7211538461538461 0.14423076923076922 0.21153846153846154
272 0.8605769230769231 0.7560096153846154 0.11778846153846154 0.15384615384615385
272 0.8545673076923077 0.5336538461538461 0.11778846153846154 0.15384615384615385
272 0.8545673076923077 0.3137019230769231 0.11778846153846154 0.15384615384615385
272 0.8497596153846154 0.0985576923076923 0.11778846153846154 0.15625
272 0.20673076923076922 0.11899038461538461 0.14903846153846154 0.20673076923076922