10 0.31850961538461536 0.42788461538461536 0.06009615384615385 0.05048076923076923
291 0.46033653846153844 0.42788461538461536 0.06009615384615385 0.05048076923076923
113 0.46033653846153844 0.4951923076923077 0.06009615384615385 0.05048076923076923
111 0.3173076923076923 0.49158653846153844 0.06009615384615385 0.05048076923076923
110 0.4579326923076923 0.5588942307692307 0.06009615384615385 0.05048076923076923
99 0.3161057692307692 0.5540865384615384 0.06009615384615385 0.05048076923076923
72 0.3137019230769231 0.6189903846153846 0.06009615384615385 0.05048076923076923
85 0.45552884615384615 0.6237980769230769 0.06009615384615385 0.05048076923076923
53 0.4519230769230769 0.6887019230769231 0.06009615384615385 0.05048076923076923
35 0.3137019230769231 0.6790865384615384 0.06009615384615385 0.05048076923076923
9 0.4495192307692308 0.7475961538461539 0.06009615384615385 0.05048076923076923
8 0.3112980769230769 0.7415865384615384 0.06009615384615385 0.05048076923076923
291 0.3112980769230769 0.8028846153846154 0.06009615384615385 0.05048076923076923