85 0.48677884615384615 0.22355769230769232 0.11298076923076923 0.08653846153846154
270 0.6322115384615384 0.22596153846153846 0.10576923076923077 0.07932692307692307
270 0.6237980769230769 0.3329326923076923 0.10336538461538461 0.07451923076923077
270 0.6117788461538461 0.5120192307692307 0.0985576923076923 0.06490384615384616
270 0.6213942307692307 0.4254807692307692 0.09134615384615384 0.06971153846153846
270 0.609375 0.5925480769230769 0.0889423076923077 0.06009615384615385
270 0.6069711538461539 0.6658653846153846 0.0889423076923077 0.0625
270 0.6009615384615384 0.7319711538461539 0.08173076923076923 0.052884615384615384
270 0.5985576923076923 0.796875 0.08173076923076923 0.052884615384615384
122 0.49158653846153844 0.7908653846153846 0.08173076923076923 0.052884615384615384
121 0.49038461538461536 0.7307692307692307 0.08173076923076923 0.052884615384615384
120 0.484375 0.6634615384615384 0.0889423076923077 0.06009615384615385
9 0.49038461538461536 0.5877403846153846 0.0889423076923077 0.06009615384615385
35 0.4891826923076923 0.5084134615384616 0.0889423076923077 0.06009615384615385
72 0.49158653846153844 0.33052884615384615 0.09375 0.06971153846153846
53 0.48677884615384615 0.42427884615384615 0.0889423076923077 0.0625
270 0.4483173076923077 0.8617788461538461 0.08173076923076923 0.052884615384615384
275 0.34615384615384615 0.8581730769230769 0.08173076923076923 0.052884615384615384
291 0.35096153846153844 0.9110576923076923 0.07692307692307693 0.04326923076923077
272 0.45072115384615385 0.9158653846153846 0.07692307692307693 0.04326923076923077
270 0.7355769230769231 0.8798076923076923 0.07692307692307693 0.04326923076923077
270 0.7295673076923077 0.9326923076923077 0.07692307692307693 0.04326923076923077
264 0.6358173076923077 0.8737980769230769 0.08173076923076923 0.05048076923076923
259 0.6322115384615384 0.9266826923076923 0.08173076923076923 0.05048076923076923
266 0.5649038461538461 0.04326923076923077 0.11057692307692307 0.08653846153846154