9 0.44350961538461536 0.5997596153846154 0.026442307692307692 0.05048076923076923
113 0.44350961538461536 0.5432692307692307 0.026442307692307692 0.05048076923076923
11 0.44350961538461536 0.49158653846153844 0.026442307692307692 0.05048076923076923
20 0.4423076923076923 0.43509615384615385 0.026442307692307692 0.05048076923076923
22 0.4795673076923077 0.40384615384615385 0.026442307692307692 0.05048076923076923
16 0.4807692307692308 0.46153846153846156 0.026442307692307692 0.05048076923076923
10 0.4807692307692308 0.5180288461538461 0.026442307692307692 0.05048076923076923
266 0.4807692307692308 0.5733173076923077 0.026442307692307692 0.05048076923076923
120 0.4807692307692308 0.6298076923076923 0.026442307692307692 0.05048076923076923
121 0.44350961538461536 0.6550480769230769 0.02403846153846154 0.05048076923076923
263 0.46033653846153844 0.31009615384615385 0.02403846153846154 0.05048076923076923
275 0.44471153846153844 0.8978365384615384 0.02403846153846154 0.05048076923076923
264 0.4831730769230769 0.9086538461538461 0.026442307692307692 0.05048076923076923