9 0.3629807692307692 0.9375 0.036057692307692304 0.055288461538461536
53 0.4014423076923077 0.9290865384615384 0.03365384615384615 0.05048076923076923
85 0.47836538461538464 0.9122596153846154 0.03365384615384615 0.05048076923076923
72 0.4411057692307692 0.9206730769230769 0.03365384615384615 0.05048076923076923
99 0.3605769230769231 0.8653846153846154 0.036057692307692304 0.052884615384615384
110 0.4014423076923077 0.8569711538461539 0.03365384615384615 0.05048076923076923
111 0.4423076923076923 0.8485576923076923 0.036057692307692304 0.052884615384615384
113 0.4807692307692308 0.8401442307692307 0.03365384615384615 0.052884615384615384
10 0.3605769230769231 0.7872596153846154 0.036057692307692304 0.052884615384615384
11 0.4014423076923077 0.7800480769230769 0.038461538461538464 0.06009615384615385
16 0.4423076923076923 0.7728365384615384 0.036057692307692304 0.057692307692307696
17 0.48197115384615385 0.7668269230769231 0.036057692307692304 0.057692307692307696
22 0.3581730769230769 0.7067307692307693 0.038461538461538464 0.057692307692307696
23 0.40024038461538464 0.6995192307692307 0.038461538461538464 0.057692307692307696
24 0.4423076923076923 0.6935096153846154 0.038461538461538464 0.057692307692307696
25 0.4831730769230769 0.6862980769230769 0.038461538461538464 0.057692307692307696
26 0.3545673076923077 0.6177884615384616 0.038461538461538464 0.06009615384615385
28 0.40024038461538464 0.6129807692307693 0.038461538461538464 0.06009615384615385
36 0.44350961538461536 0.6081730769230769 0.038461538461538464 0.06009615384615385
37 0.4855769230769231 0.6033653846153846 0.038461538461538464 0.06009615384615385
38 0.35336538461538464 0.5264423076923077 0.04326923076923077 0.0625
39 0.40024038461538464 0.5216346153846154 0.04326923076923077 0.0625
41 0.44471153846153844 0.5180288461538461 0.038461538461538464 0.057692307692307696
42 0.4879807692307692 0.5144230769230769 0.036057692307692304 0.057692307692307696
43 0.35216346153846156 0.43028846153846156 0.04326923076923077 0.0625
44 0.39903846153846156 0.4266826923076923 0.04326923076923077 0.0625
46 0.44471153846153844 0.42427884615384615 0.04326923076923077 0.0625
47 0.4891826923076923 0.4206730769230769 0.038461538461538464 0.06009615384615385
54 0.34975961538461536 0.32572115384615385 0.04567307692307692 0.0673076923076923
55 0.39903846153846156 0.3245192307692308 0.04567307692307692 0.0673076923076923
56 0.44591346153846156 0.3245192307692308 0.040865384615384616 0.06490384615384616
57 0.49038461538461536 0.3233173076923077 0.040865384615384616 0.06490384615384616
59 0.3473557692307692 0.21634615384615385 0.04567307692307692 0.06971153846153846
60 0.39783653846153844 0.21754807692307693 0.04567307692307692 0.06971153846153846
61 0.44711538461538464 0.21754807692307693 0.040865384615384616 0.06971153846153846