38 0.2692307692307692 0.23557692307692307 0.07692307692307693 0.125
39 0.375 0.23557692307692307 0.07692307692307693 0.125
37 0.5649038461538461 0.3870192307692308 0.0625 0.10336538461538461
36 0.4735576923076923 0.3894230769230769 0.06009615384615385 0.10336538461538461
28 0.3798076923076923 0.3918269230769231 0.06009615384615385 0.10336538461538461
26 0.2800480769230769 0.39302884615384615 0.0625 0.10336538461538461
16 0.2920673076923077 0.5348557692307693 0.0625 0.10336538461538461
23 0.38221153846153844 0.5288461538461539 0.06009615384615385 0.10336538461538461
24 0.46875 0.5204326923076923 0.0625 0.10096153846153846
25 0.5552884615384616 0.5180288461538461 0.06009615384615385 0.10096153846153846
111 0.29927884615384615 0.6598557692307693 0.0625 0.10096153846153846
113 0.3858173076923077 0.6454326923076923 0.057692307692307696 0.09134615384615384
266 0.47475961538461536 0.23798076923076922 0.07211538461538461 0.11778846153846154
259 0.5709134615384616 0.23918269230769232 0.06971153846153846 0.125
10 0.4675480769230769 0.640625 0.057692307692307696 0.08653846153846154
11 0.546875 0.6346153846153846 0.057692307692307696 0.08653846153846154
9 0.3076923076923077 0.7632211538461539 0.057692307692307696 0.08173076923076923
53 0.3858173076923077 0.7572115384615384 0.057692307692307696 0.08173076923076923
99 0.4639423076923077 0.7463942307692307 0.057692307692307696 0.08173076923076923
110 0.5432692307692307 0.7403846153846154 0.06009615384615385 0.08173076923076923
275 0.5 0.8401442307692307 0.055288461538461536 0.07451923076923077
264 0.34975961538461536 0.8557692307692307 0.057692307692307696 0.08173076923076923