264 0.42788461538461536 0.1466346153846154 0.1346153846153846 0.11057692307692307
260 0.5612980769230769 0.12860576923076922 0.12740384615384615 0.10576923076923077
275 0.4326923076923077 0.2668269230769231 0.14423076923076922 0.11298076923076923
259 0.5649038461538461 0.2439903846153846 0.12740384615384615 0.0985576923076923
111 0.44711538461538464 0.4362980769230769 0.13221153846153846 0.10576923076923077
113 0.5745192307692307 0.4026442307692308 0.1201923076923077 0.10096153846153846
99 0.45072115384615385 0.5420673076923077 0.12980769230769232 0.10096153846153846
110 0.5769230769230769 0.5084134615384616 0.125 0.10336538461538461
72 0.45552884615384615 0.6478365384615384 0.12259615384615384 0.09615384615384616
85 0.5805288461538461 0.6201923076923077 0.1201923076923077 0.09134615384615384
35 0.46033653846153844 0.7548076923076923 0.11778846153846154 0.0985576923076923
53 0.5841346153846154 0.7235576923076923 0.11778846153846154 0.09375
187 0.4639423076923077 0.859375 0.1201923076923077 0.10096153846153846
9 0.5925480769230769 0.8173076923076923 0.1201923076923077 0.09615384615384616
168 0.46875 0.953125 0.12259615384615384 0.09134615384615384
144 0.5961538461538461 0.9134615384615384 0.1201923076923077 0.09615384615384616