28 0.34615384615384615 0.19230769230769232 0.04807692307692308 0.09375
24 0.35096153846153844 0.3076923076923077 0.04807692307692308 0.09375
36 0.4206730769230769 0.19110576923076922 0.04807692307692308 0.09375
25 0.42427884615384615 0.30649038461538464 0.04567307692307692 0.0889423076923077
26 0.49759615384615385 0.30408653846153844 0.04807692307692308 0.0889423076923077
20 0.3545673076923077 0.41346153846153844 0.04567307692307692 0.08653846153846154
22 0.4266826923076923 0.41346153846153844 0.04567307692307692 0.0889423076923077
23 0.4987980769230769 0.41586538461538464 0.04567307692307692 0.0889423076923077
10 0.3581730769230769 0.5192307692307693 0.04567307692307692 0.08413461538461539
11 0.42908653846153844 0.5192307692307693 0.04567307692307692 0.08173076923076923
16 0.5012019230769231 0.5192307692307693 0.04567307692307692 0.08173076923076923
110 0.3629807692307692 0.6189903846153846 0.04567307692307692 0.08173076923076923
111 0.43149038461538464 0.6201923076923077 0.04567307692307692 0.08173076923076923
260 0.5012019230769231 0.6213942307692307 0.04567307692307692 0.08173076923076923
9 0.36538461538461536 0.7163461538461539 0.04567307692307692 0.08173076923076923
260 0.4326923076923077 0.7175480769230769 0.04567307692307692 0.08173076923076923
260 0.5024038461538461 0.7199519230769231 0.04567307692307692 0.08173076923076923
260 0.3701923076923077 0.8100961538461539 0.04567307692307692 0.07932692307692307
264 0.4362980769230769 0.8125 0.04326923076923077 0.07932692307692307
259 0.5036057692307693 0.8149038461538461 0.040865384615384616 0.07932692307692307