273 0.43028846153846156 0.21033653846153846 0.14182692307692307 0.21634615384615385
259 0.4362980769230769 0.4651442307692308 0.036057692307692304 0.03365384615384615
110 0.4098557692307692 0.5072115384615384 0.036057692307692304 0.03365384615384615
85 0.4110576923076923 0.546875 0.036057692307692304 0.03365384615384615
53 0.4110576923076923 0.5841346153846154 0.036057692307692304 0.03365384615384615
9 0.41225961538461536 0.6213942307692307 0.036057692307692304 0.03365384615384615
23 0.46153846153846156 0.5024038461538461 0.036057692307692304 0.03365384615384615
20 0.46274038461538464 0.5408653846153846 0.036057692307692304 0.03125
11 0.46274038461538464 0.5769230769230769 0.03365384615384615 0.03125
113 0.46274038461538464 0.6129807692307693 0.03365384615384615 0.03125
152 0.41346153846153844 0.6586538461538461 0.036057692307692304 0.03365384615384615
275 0.41346153846153844 0.6947115384615384 0.036057692307692304 0.03125
264 0.46274038461538464 0.6826923076923077 0.03365384615384615 0.03125