273 0.5685096153846154 0.20552884615384615 0.31490384615384615 0.2620192307692308
260 0.6117788461538461 0.8221153846153846 0.06490384615384616 0.05048076923076923
259 0.6117788461538461 0.8677884615384616 0.0625 0.04567307692307692
53 0.6033653846153846 0.5853365384615384 0.10096153846153846 0.06009615384615385
260 0.5216346153846154 0.8341346153846154 0.06009615384615385 0.04326923076923077
266 0.5216346153846154 0.8774038461538461 0.06009615384615385 0.04567307692307692
266 0.6033653846153846 0.5336538461538461 0.10576923076923077 0.0625
35 0.6045673076923077 0.6346153846153846 0.10096153846153846 0.06009615384615385
9 0.6045673076923077 0.6826923076923077 0.10096153846153846 0.057692307692307696
144 0.6009615384615384 0.7307692307692307 0.10096153846153846 0.055288461538461536
166 0.5973557692307693 0.7776442307692307 0.10096153846153846 0.055288461538461536