35 0.34134615384615385 0.12860576923076922 0.06009615384615385 0.11057692307692307
152 0.34134615384615385 0.2764423076923077 0.06009615384615385 0.11057692307692307
121 0.34134615384615385 0.421875 0.057692307692307696 0.11057692307692307
122 0.39302884615384615 0.5697115384615384 0.057692307692307696 0.11057692307692307
266 0.4543269230769231 0.13221153846153846 0.0625 0.11538461538461539
9 0.4519230769230769 0.2848557692307692 0.06009615384615385 0.11298076923076923
120 0.45072115384615385 0.4338942307692308 0.057692307692307696 0.11057692307692307
291 0.34134615384615385 0.7235576923076923 0.055288461538461536 0.10336538461538461
291 0.44591346153846156 0.7451923076923077 0.055288461538461536 0.10576923076923077
272 0.3401442307692308 0.8473557692307693 0.03125 0.06009615384615385
272 0.4423076923076923 0.8798076923076923 0.036057692307692304 0.06490384615384616
272 0.3137019230769231 0.9651442307692307 0.04326923076923077 0.06490384615384616