113 0.4387019230769231 0.24879807692307693 0.11057692307692307 0.17307692307692307
111 0.6081730769230769 0.18629807692307693 0.0889423076923077 0.15625
110 0.44711538461538464 0.42788461538461536 0.10096153846153846 0.15625
99 0.6057692307692307 0.35336538461538464 0.08653846153846154 0.14423076923076922
85 0.4543269230769231 0.5889423076923077 0.0985576923076923 0.13701923076923078
72 0.6057692307692307 0.5012019230769231 0.08413461538461539 0.13221153846153846
53 0.46274038461538464 0.7271634615384616 0.0889423076923077 0.125
35 0.6033653846153846 0.6322115384615384 0.07451923076923077 0.11538461538461539
9 0.4699519230769231 0.8473557692307693 0.08653846153846154 0.11778846153846154
152 0.6021634615384616 0.7512019230769231 0.0889423076923077 0.1201923076923077
259 0.4483173076923077 0.9579326923076923 0.08173076923076923 0.07932692307692307
272 0.5408653846153846 0.9026442307692307 0.07211538461538461 0.10576923076923077
275 0.6237980769230769 0.8341346153846154 0.06490384615384616 0.09375