273 0.4675480769230769 0.21394230769230768 0.17067307692307693 0.17067307692307693
9 0.3449519230769231 0.4266826923076923 0.08173076923076923 0.13942307692307693
35 0.4338942307692308 0.4182692307692308 0.07211538461538461 0.13221153846153846
53 0.5168269230769231 0.40865384615384615 0.06971153846153846 0.13221153846153846
17 0.59375 0.39663461538461536 0.06490384615384616 0.12740384615384615
72 0.34975961538461536 0.5697115384615384 0.07692307692307693 0.13701923076923078
85 0.4375 0.5552884615384616 0.07211538461538461 0.1346153846153846
99 0.5192307692307693 0.5432692307692307 0.0673076923076923 0.12740384615384615
134 0.5949519230769231 0.5300480769230769 0.06490384615384616 0.12740384615384615
110 0.3545673076923077 0.7139423076923077 0.07692307692307693 0.13942307692307693
111 0.4411057692307692 0.6947115384615384 0.07211538461538461 0.1346153846153846
113 0.5216346153846154 0.6778846153846154 0.0673076923076923 0.12740384615384615
152 0.5973557692307693 0.6586538461538461 0.0625 0.125
8 0.44711538461538464 0.8317307692307693 0.06971153846153846 0.13701923076923078