272 0.546875 0.8786057692307693 0.026442307692307692 0.057692307692307696
72 0.5168269230769231 0.33052884615384615 0.04326923076923077 0.06971153846153846
53 0.5168269230769231 0.41225961538461536 0.04326923076923077 0.06971153846153846
35 0.5180288461538461 0.4951923076923077 0.04326923076923077 0.06971153846153846
111 0.5685096153846154 0.33052884615384615 0.04326923076923077 0.06971153846153846
110 0.5685096153846154 0.41225961538461536 0.04326923076923077 0.06971153846153846
99 0.5709134615384616 0.49278846153846156 0.04326923076923077 0.06490384615384616
9 0.5192307692307693 0.5745192307692307 0.04326923076923077 0.06009615384615385
85 0.5697115384615384 0.5733173076923077 0.04326923076923077 0.06490384615384616
275 0.5192307692307693 0.6586538461538461 0.04326923076923077 0.06490384615384616
264 0.5709134615384616 0.6538461538461539 0.04326923076923077 0.06490384615384616
259 0.5673076923076923 0.1658653846153846 0.04326923076923077 0.07211538461538461