266 0.43509615384615385 0.1346153846153846 0.04807692307692308 0.08173076923076923
266 0.5108173076923077 0.13822115384615385 0.04807692307692308 0.08173076923076923
99 0.4338942307692308 0.22716346153846154 0.04807692307692308 0.08173076923076923
110 0.5096153846153846 0.22956730769230768 0.04807692307692308 0.07932692307692307
72 0.4338942307692308 0.31490384615384615 0.04567307692307692 0.07932692307692307
85 0.5084134615384616 0.3173076923076923 0.04567307692307692 0.07932692307692307
35 0.4338942307692308 0.4014423076923077 0.04567307692307692 0.07692307692307693
53 0.5060096153846154 0.4014423076923077 0.04567307692307692 0.07692307692307693
9 0.5060096153846154 0.4831730769230769 0.04567307692307692 0.07451923076923077
275 0.4338942307692308 0.6346153846153846 0.06009615384615385 0.07451923076923077
264 0.5024038461538461 0.6358173076923077 0.04567307692307692 0.07211538461538461