272 0.48197115384615385 0.8197115384615384 0.02403846153846154 0.040865384615384616
11 0.47596153846153844 0.09014423076923077 0.04807692307692308 0.09134615384615384
113 0.47596153846153844 0.1814903846153846 0.04567307692307692 0.08413461538461539
110 0.47596153846153844 0.265625 0.04567307692307692 0.07932692307692307
85 0.47596153846153844 0.3449519230769231 0.04326923076923077 0.07451923076923077
253 0.47596153846153844 0.41947115384615385 0.040865384615384616 0.06971153846153846
120 0.47716346153846156 0.4891826923076923 0.040865384615384616 0.0673076923076923
16 0.5673076923076923 0.09134615384615384 0.04807692307692308 0.08653846153846154
10 0.5637019230769231 0.18028846153846154 0.04807692307692308 0.08173076923076923
111 0.5612980769230769 0.2644230769230769 0.04326923076923077 0.07692307692307693
99 0.5588942307692307 0.34375 0.04326923076923077 0.07451923076923077
53 0.5564903846153846 0.4182692307692308 0.04326923076923077 0.06971153846153846
152 0.5540865384615384 0.4855769230769231 0.038461538461538464 0.0673076923076923
275 0.47716346153846156 0.6141826923076923 0.036057692307692304 0.06009615384615385
264 0.5492788461538461 0.6117788461538461 0.036057692307692304 0.06009615384615385
259 0.5132211538461539 0.6706730769230769 0.036057692307692304 0.057692307692307696