273 0.47596153846153844 0.20072115384615385 0.11538461538461539 0.0889423076923077
259 0.5192307692307693 0.4495192307692308 0.038461538461538464 0.036057692307692304
99 0.4675480769230769 0.5228365384615384 0.038461538461538464 0.036057692307692304
110 0.5216346153846154 0.5168269230769231 0.036057692307692304 0.036057692307692304
72 0.4699519230769231 0.5661057692307693 0.038461538461538464 0.038461538461538464
85 0.5252403846153846 0.5600961538461539 0.036057692307692304 0.038461538461538464
35 0.4723557692307692 0.609375 0.038461538461538464 0.038461538461538464
53 0.5264423076923077 0.6021634615384616 0.036057692307692304 0.038461538461538464
152 0.47475961538461536 0.6538461538461539 0.038461538461538464 0.038461538461538464
9 0.5288461538461539 0.6430288461538461 0.03365384615384615 0.038461538461538464
275 0.47836538461538464 0.7103365384615384 0.038461538461538464 0.040865384615384616
264 0.53125 0.6971153846153846 0.036057692307692304 0.038461538461538464
272 0.5072115384615384 0.7451923076923077 0.026442307692307692 0.026442307692307692