273 0.46153846153846156 0.17427884615384615 0.14903846153846154 0.15625
9 0.4110576923076923 0.36177884615384615 0.04567307692307692 0.08173076923076923
35 0.4651442307692308 0.3605769230769231 0.04567307692307692 0.08173076923076923
53 0.5192307692307693 0.3605769230769231 0.04326923076923077 0.07692307692307693
72 0.41346153846153844 0.46033653846153844 0.04567307692307692 0.07932692307692307
85 0.4675480769230769 0.45913461538461536 0.04567307692307692 0.07932692307692307
99 0.5204326923076923 0.4567307692307692 0.04326923076923077 0.07932692307692307
110 0.41466346153846156 0.5600961538461539 0.04567307692307692 0.08173076923076923
111 0.46875 0.5564903846153846 0.04567307692307692 0.08173076923076923
113 0.5216346153846154 0.5528846153846154 0.04567307692307692 0.08173076923076923
276 0.41586538461538464 0.6526442307692307 0.04567307692307692 0.08173076923076923
260 0.4699519230769231 0.6502403846153846 0.04567307692307692 0.08173076923076923
0 0.5240384615384616 0.6478365384615384 0.04326923076923077 0.08173076923076923
365 0.4723557692307692 0.7752403846153846 0.04326923076923077 0.08173076923076923