11 0.4170673076923077 0.06610576923076923 0.07932692307692307 0.08173076923076923
113 0.4182692307692308 0.18028846153846154 0.07932692307692307 0.07692307692307693
110 0.421875 0.28846153846153844 0.07692307692307693 0.07451923076923077
85 0.421875 0.3918269230769231 0.07211538461538461 0.06971153846153846
53 0.42427884615384615 0.49399038461538464 0.07211538461538461 0.06971153846153846
16 0.5456730769230769 0.06610576923076923 0.06971153846153846 0.07932692307692307
10 0.5432692307692307 0.17668269230769232 0.07211538461538461 0.07451923076923077
111 0.5432692307692307 0.2824519230769231 0.06971153846153846 0.06971153846153846
99 0.5420673076923077 0.38100961538461536 0.06971153846153846 0.0673076923076923
72 0.5420673076923077 0.4795673076923077 0.06971153846153846 0.0673076923076923
35 0.5420673076923077 0.5733173076923077 0.06971153846153846 0.06490384615384616
187 0.4254807692307692 0.5901442307692307 0.06971153846153846 0.06490384615384616
119 0.42788461538461536 0.6826923076923077 0.06971153846153846 0.07211538461538461
152 0.5408653846153846 0.6634615384615384 0.06490384615384616 0.06971153846153846
275 0.43028846153846156 0.9278846153846154 0.0673076923076923 0.07451923076923077
264 0.5420673076923077 0.9026442307692307 0.0625 0.0673076923076923