266 0.5348557692307693 0.1971153846153846 0.07451923076923077 0.12740384615384615
275 0.6370192307692307 0.21394230769230768 0.08173076923076923 0.13942307692307693
99 0.5372596153846154 0.32211538461538464 0.07211538461538461 0.12259615384615384
291 0.6346153846153846 0.3485576923076923 0.07932692307692307 0.13701923076923078
72 0.5384615384615384 0.4375 0.06971153846153846 0.125
85 0.6322115384615384 0.47115384615384615 0.07692307692307693 0.12740384615384615
35 0.5408653846153846 0.5432692307692307 0.06971153846153846 0.11778846153846154
53 0.6298076923076923 0.5853365384615384 0.07451923076923077 0.125
8 0.5432692307692307 0.6442307692307693 0.06490384615384616 0.11298076923076923
9 0.6274038461538461 0.6875 0.07451923076923077 0.12259615384615384
266 0.5444711538461539 0.7391826923076923 0.06490384615384616 0.11298076923076923
1 0.6262019230769231 0.7848557692307693 0.06971153846153846 0.12259615384615384