75 0.28365384615384615 0.054086538461538464 0.08413461538461539 0.10576923076923077
76 0.38100961538461536 0.057692307692307696 0.08413461538461539 0.10576923076923077
78 0.4723557692307692 0.06370192307692307 0.07932692307692307 0.10576923076923077
79 0.5649038461538461 0.06490384615384616 0.07932692307692307 0.10576923076923077
63 0.29086538461538464 0.2127403846153846 0.07692307692307693 0.09615384615384616
64 0.3858173076923077 0.21875 0.08173076923076923 0.09615384615384616
73 0.4735576923076923 0.21875 0.07451923076923077 0.09134615384615384
74 0.5661057692307693 0.21995192307692307 0.07932692307692307 0.0985576923076923
57 0.28846153846153844 0.3762019230769231 0.07932692307692307 0.09134615384615384
60 0.38461538461538464 0.3762019230769231 0.07932692307692307 0.09134615384615384
61 0.47475961538461536 0.3786057692307692 0.07932692307692307 0.09134615384615384
62 0.5625 0.3762019230769231 0.07932692307692307 0.09134615384615384
47 0.2956730769230769 0.5264423076923077 0.07932692307692307 0.09134615384615384
54 0.38221153846153844 0.5240384615384616 0.07932692307692307 0.09134615384615384
55 0.4699519230769231 0.5216346153846154 0.07932692307692307 0.09134615384615384
56 0.5588942307692307 0.5192307692307693 0.07932692307692307 0.09134615384615384
42 0.3016826923076923 0.671875 0.07932692307692307 0.09134615384615384
43 0.3894230769230769 0.6658653846153846 0.07932692307692307 0.09134615384615384
44 0.47596153846153844 0.6634615384615384 0.07932692307692307 0.09134615384615384
46 0.5612980769230769 0.6586538461538461 0.07451923076923077 0.0889423076923077
36 0.30649038461538464 0.8112980769230769 0.07451923076923077 0.09134615384615384
37 0.3918269230769231 0.8028846153846154 0.07451923076923077 0.09134615384615384
38 0.47716346153846156 0.7992788461538461 0.06971153846153846 0.08653846153846154
39 0.5588942307692307 0.7920673076923077 0.0673076923076923 0.0889423076923077
24 0.3088942307692308 0.9435096153846154 0.07211538461538461 0.0889423076923077
25 0.3954326923076923 0.9375 0.07211538461538461 0.0889423076923077
26 0.4795673076923077 0.9266826923076923 0.07211538461538461 0.0889423076923077
28 0.5588942307692307 0.9230769230769231 0.07211538461538461 0.0889423076923077