9 0.5360576923076923 0.43028846153846156 0.06009615384615385 0.13942307692307693
35 0.5961538461538461 0.42908653846153844 0.057692307692307696 0.12740384615384615
53 0.6514423076923077 0.4266826923076923 0.055288461538461536 0.125
72 0.5360576923076923 0.5769230769230769 0.06009615384615385 0.13701923076923078
85 0.5961538461538461 0.5673076923076923 0.055288461538461536 0.13221153846153846
99 0.6526442307692307 0.5588942307692307 0.05048076923076923 0.12740384615384615
110 0.5384615384615384 0.7211538461538461 0.06009615384615385 0.14182692307692307
111 0.5973557692307693 0.7043269230769231 0.055288461538461536 0.13701923076923078
113 0.6538461538461539 0.6935096153846154 0.05048076923076923 0.13221153846153846
119 0.5396634615384616 0.8653846153846154 0.06009615384615385 0.15384615384615385
8 0.5997596153846154 0.8425480769230769 0.055288461538461536 0.14423076923076922
0 0.6550480769230769 0.8221153846153846 0.05048076923076923 0.13701923076923078
273 0.5024038461538461 0.2283653846153846 0.35336538461538464 0.23557692307692307