273 0.48677884615384615 0.14903846153846154 0.14182692307692307 0.05048076923076923
266 0.4375 0.5072115384615384 0.02403846153846154 0.019230769230769232
259 0.5348557692307693 0.5036057692307693 0.02403846153846154 0.019230769230769232
42 0.4387019230769231 0.5504807692307693 0.026442307692307692 0.019230769230769232
37 0.4387019230769231 0.5733173076923077 0.026442307692307692 0.019230769230769232
26 0.4387019230769231 0.5949519230769231 0.02403846153846154 0.019230769230769232
23 0.4387019230769231 0.6165865384615384 0.02403846153846154 0.019230769230769232
10 0.43990384615384615 0.6370192307692307 0.026442307692307692 0.021634615384615384
110 0.43990384615384615 0.6598557692307693 0.026442307692307692 0.021634615384615384
53 0.43990384615384615 0.6802884615384616 0.026442307692307692 0.021634615384615384
266 0.43990384615384615 0.7019230769230769 0.026442307692307692 0.021634615384615384
275 0.4411057692307692 0.7331730769230769 0.026442307692307692 0.021634615384615384
43 0.4879807692307692 0.5480769230769231 0.02403846153846154 0.019230769230769232
38 0.4879807692307692 0.5697115384615384 0.02403846153846154 0.019230769230769232
28 0.4879807692307692 0.5901442307692307 0.02403846153846154 0.019230769230769232
24 0.4879807692307692 0.6117788461538461 0.02403846153846154 0.019230769230769232
11 0.4879807692307692 0.6322115384615384 0.02403846153846154 0.019230769230769232
111 0.4879807692307692 0.6526442307692307 0.02403846153846154 0.019230769230769232
85 0.4879807692307692 0.6730769230769231 0.02403846153846154 0.019230769230769232
9 0.4879807692307692 0.6947115384615384 0.02403846153846154 0.019230769230769232
44 0.5336538461538461 0.5444711538461539 0.02403846153846154 0.019230769230769232
39 0.5336538461538461 0.5661057692307693 0.02403846153846154 0.019230769230769232
36 0.5348557692307693 0.5853365384615384 0.02403846153846154 0.019230769230769232
25 0.5336538461538461 0.6057692307692307 0.02403846153846154 0.019230769230769232
16 0.5336538461538461 0.6262019230769231 0.02403846153846154 0.019230769230769232
113 0.5336538461538461 0.6466346153846154 0.02403846153846154 0.019230769230769232
99 0.5348557692307693 0.6682692307692307 0.02403846153846154 0.019230769230769232
266 0.5348557692307693 0.6875 0.02403846153846154 0.019230769230769232
264 0.5348557692307693 0.7163461538461539 0.02403846153846154 0.019230769230769232