9 0.5649038461538461 0.44711538461538464 0.057692307692307696 0.13221153846153846
72 0.5649038461538461 0.5637019230769231 0.057692307692307696 0.11778846153846154
110 0.5661057692307693 0.6694711538461539 0.057692307692307696 0.1201923076923077
266 0.5673076923076923 0.7704326923076923 0.055288461538461536 0.11778846153846154
35 0.6201923076923077 0.4411057692307692 0.06009615384615385 0.13942307692307693
85 0.6201923076923077 0.5564903846153846 0.06009615384615385 0.125
53 0.6778846153846154 0.4338942307692308 0.06009615384615385 0.13221153846153846
111 0.6177884615384616 0.6598557692307693 0.055288461538461536 0.11778846153846154
8 0.6177884615384616 0.7596153846153846 0.055288461538461536 0.11538461538461539
99 0.6754807692307693 0.5444711538461539 0.06009615384615385 0.12740384615384615
113 0.6730769230769231 0.6478365384615384 0.057692307692307696 0.12259615384615384
131 0.671875 0.7487980769230769 0.055288461538461536 0.11538461538461539