259 0.08774038461538461 0.5625 0.15384615384615385 0.15865384615384615
120 0.2644230769230769 0.4387019230769231 0.14903846153846154 0.16826923076923078
177 0.421875 0.3737980769230769 0.12980769230769232 0.1658653846153846
152 0.5757211538461539 0.32211538461538464 0.10817307692307693 0.15384615384615385
260 0.7151442307692307 0.265625 0.0985576923076923 0.15625
9 0.3004807692307692 0.5949519230769231 0.125 0.1346153846153846
35 0.4483173076923077 0.5372596153846154 0.10576923076923077 0.13701923076923078
53 0.5829326923076923 0.47836538461538464 0.0985576923076923 0.13221153846153846
260 0.7103365384615384 0.42788461538461536 0.07932692307692307 0.13221153846153846
85 0.3401442307692308 0.7211538461538461 0.11778846153846154 0.12259615384615384
99 0.4675480769230769 0.6694711538461539 0.0985576923076923 0.11538461538461539
110 0.5877403846153846 0.6153846153846154 0.09134615384615384 0.11778846153846154
111 0.7019230769230769 0.5625 0.08413461538461539 0.10817307692307693
260 0.8557692307692307 0.2776442307692308 0.09134615384615384 0.14182692307692307
260 0.8269230769230769 0.47475961538461536 0.08173076923076923 0.125