110 0.5192307692307693 0.0733173076923077 0.0673076923076923 0.11057692307692307
99 0.5144230769230769 0.19831730769230768 0.06971153846153846 0.11778846153846154
85 0.5108173076923077 0.3245192307692308 0.06971153846153846 0.11298076923076923
72 0.5060096153846154 0.4495192307692308 0.0673076923076923 0.10817307692307693
53 0.5036057692307693 0.5745192307692307 0.0673076923076923 0.10576923076923077
35 0.5 0.6971153846153846 0.06490384615384616 0.10576923076923077
9 0.4963942307692308 0.8185096153846154 0.06971153846153846 0.10576923076923077
119 0.49399038461538464 0.9435096153846154 0.06971153846153846 0.10096153846153846
10 0.6586538461538461 0.08653846153846154 0.06971153846153846 0.11298076923076923
113 0.6538461538461539 0.21514423076923078 0.06971153846153846 0.11057692307692307
111 0.6490384615384616 0.34134615384615385 0.0673076923076923 0.10096153846153846