263 0.2920673076923077 0.4495192307692308 0.052884615384615384 0.0889423076923077
273 0.3918269230769231 0.45072115384615385 0.10817307692307693 0.08413461538461539
131 0.5853365384615384 0.453125 0.04326923076923077 0.0673076923076923
275 0.6346153846153846 0.4543269230769231 0.04326923076923077 0.07211538461538461
264 0.6838942307692307 0.4543269230769231 0.04807692307692308 0.07211538461538461
122 0.2980769230769231 0.5925480769230769 0.04567307692307692 0.06490384615384616
121 0.3473557692307692 0.5949519230769231 0.04326923076923077 0.06490384615384616
120 0.3942307692307692 0.59375 0.040865384615384616 0.0673076923076923
9 0.4411057692307692 0.5949519230769231 0.040865384615384616 0.06490384615384616
35 0.48677884615384615 0.59375 0.040865384615384616 0.0673076923076923
53 0.5336538461538461 0.59375 0.040865384615384616 0.0673076923076923
72 0.5805288461538461 0.5961538461538461 0.040865384615384616 0.06490384615384616
85 0.6274038461538461 0.5973557692307693 0.040865384615384616 0.06490384615384616
99 0.6742788461538461 0.5985576923076923 0.04326923076923077 0.0673076923076923