291 0.5036057692307693 0.1201923076923077 0.02403846153846154 0.04807692307692308
291 0.5649038461538461 0.11778846153846154 0.04326923076923077 0.04807692307692308
291 0.5144230769230769 0.359375 0.040865384615384616 0.055288461538461536
291 0.5745192307692307 0.3557692307692308 0.038461538461538464 0.06009615384615385
113 0.5793269230769231 0.44711538461538464 0.038461538461538464 0.055288461538461536
85 0.5192307692307693 0.5084134615384616 0.040865384615384616 0.055288461538461536
72 0.5216346153846154 0.5697115384615384 0.040865384615384616 0.057692307692307696
53 0.5228365384615384 0.6310096153846154 0.038461538461538464 0.06009615384615385
35 0.5240384615384616 0.6959134615384616 0.038461538461538464 0.06009615384615385
9 0.5252403846153846 0.7620192307692307 0.040865384615384616 0.06490384615384616
111 0.5805288461538461 0.5060096153846154 0.04326923076923077 0.057692307692307696
110 0.5805288461538461 0.5661057692307693 0.040865384615384616 0.057692307692307696
99 0.5829326923076923 0.6298076923076923 0.040865384615384616 0.057692307692307696
272 0.5600961538461539 0.9098557692307693 0.026442307692307692 0.04567307692307692
265 0.5132211538461539 0.24639423076923078 0.02403846153846154 0.052884615384615384
366 0.5709134615384616 0.24759615384615385 0.02403846153846154 0.052884615384615384