273 0.6682692307692307 0.4182692307692308 0.08653846153846154 0.09134615384615384
26 0.11538461538461539 0.44471153846153844 0.08413461538461539 0.06971153846153846
23 0.1141826923076923 0.5072115384615384 0.08173076923076923 0.06971153846153846
11 0.1141826923076923 0.5673076923076923 0.07932692307692307 0.06490384615384616
111 0.1141826923076923 0.6298076923076923 0.07932692307692307 0.06009615384615385
72 0.1141826923076923 0.6862980769230769 0.07932692307692307 0.057692307692307696
281 0.11298076923076923 0.7439903846153846 0.07692307692307693 0.0673076923076923
35 0.19831730769230768 0.7463942307692307 0.07692307692307693 0.06009615384615385
99 0.19951923076923078 0.6850961538461539 0.07692307692307693 0.0625
28 0.203125 0.4495192307692308 0.07932692307692307 0.07211538461538461
113 0.19831730769230768 0.6262019230769231 0.07932692307692307 0.055288461538461536
16 0.20072115384615385 0.5673076923076923 0.07932692307692307 0.057692307692307696
24 0.20072115384615385 0.5096153846153846 0.07932692307692307 0.055288461538461536
36 0.2860576923076923 0.4519230769230769 0.07932692307692307 0.06009615384615385
25 0.2848557692307692 0.5120192307692307 0.07451923076923077 0.06009615384615385
22 0.2848557692307692 0.5721153846153846 0.07451923076923077 0.06009615384615385
10 0.2824519230769231 0.6298076923076923 0.07451923076923077 0.057692307692307696
110 0.28125 0.6862980769230769 0.07451923076923077 0.06009615384615385
53 0.2800480769230769 0.7439903846153846 0.07451923076923077 0.06009615384615385
37 0.35697115384615385 0.7451923076923077 0.06971153846153846 0.06009615384615385
41 0.3581730769230769 0.6887019230769231 0.07211538461538461 0.06009615384615385
44 0.36177884615384615 0.6310096153846154 0.07211538461538461 0.06009615384615385
54 0.3641826923076923 0.5745192307692307 0.07211538461538461 0.055288461538461536
57 0.36658653846153844 0.5180288461538461 0.07211538461538461 0.06009615384615385
61 0.36778846153846156 0.4567307692307692 0.07692307692307693 0.0625
131 0.10216346153846154 0.3401442307692308 0.06009615384615385 0.09615384615384616
62 0.44471153846153844 0.45913461538461536 0.07451923076923077 0.06009615384615385
59 0.4423076923076923 0.5180288461538461 0.07211538461538461 0.057692307692307696
55 0.4411057692307692 0.5745192307692307 0.07211538461538461 0.06009615384615385
46 0.4375 0.6310096153846154 0.07211538461538461 0.06009615384615385
42 0.4338942307692308 0.6862980769230769 0.07211538461538461 0.06009615384615385
38 0.43028846153846156 0.7439903846153846 0.06971153846153846 0.06009615384615385
60 0.5192307692307693 0.5240384615384616 0.06971153846153846 0.055288461538461536
56 0.515625 0.5793269230769231 0.06971153846153846 0.05048076923076923
47 0.5108173076923077 0.6298076923076923 0.06971153846153846 0.057692307692307696
43 0.5072115384615384 0.6838942307692307 0.06971153846153846 0.06009615384615385
39 0.5036057692307693 0.7403846153846154 0.06971153846153846 0.057692307692307696
259 0.578125 0.6875 0.0673076923076923 0.055288461538461536
275 0.5745192307692307 0.7403846153846154 0.06971153846153846 0.06009615384615385
264 0.7091346153846154 0.7439903846153846 0.06490384615384616 0.06009615384615385