273 0.46634615384615385 0.16706730769230768 0.3004807692307692 0.21153846153846154
16 0.3762019230769231 0.7512019230769231 0.06490384615384616 0.03125
113 0.3762019230769231 0.7932692307692307 0.0673076923076923 0.03365384615384615
99 0.3762019230769231 0.8161057692307693 0.0625 0.03125
9 0.37740384615384615 0.8413461538461539 0.0673076923076923 0.03365384615384615
20 0.44350961538461536 0.7439903846153846 0.06009615384615385 0.03125
22 0.5084134615384616 0.7403846153846154 0.06009615384615385 0.03125
10 0.44350961538461536 0.7860576923076923 0.06009615384615385 0.03365384615384615
110 0.44591346153846156 0.8100961538461539 0.0625 0.03365384615384615
72 0.44711538461538464 0.8341346153846154 0.0625 0.03125
11 0.5096153846153846 0.7788461538461539 0.0625 0.03125
111 0.5096153846153846 0.8040865384615384 0.06009615384615385 0.03125
85 0.5120192307692307 0.828125 0.0625 0.03125
264 0.5132211538461539 0.8569711538461539 0.0625 0.03125
275 0.3798076923076923 0.875 0.0673076923076923 0.036057692307692304
259 0.3798076923076923 0.9002403846153846 0.06490384615384616 0.036057692307692304